2316 2344
1 28
1 18

2 1 13 6 28 AND
2 1 23 8 29 AND
2 1 14 28 30 XOR
2 1 19 0 31 AND
2 1 31 28 32 XOR
2 1 3 16 33 AND
2 1 22 9 34 AND
2 1 26 33 35 XOR
2 1 20 17 36 AND
2 1 36 33 37 XOR
2 1 1 15 38 AND
2 1 4 27 39 AND
2 1 39 38 40 XOR
2 1 2 10 41 AND
2 1 41 38 42 XOR
2 1 30 29 43 XOR
2 1 32 24 44 XOR
2 1 35 34 45 XOR
2 1 37 42 46 XOR
2 1 43 40 47 XOR
2 1 44 42 48 XOR
2 1 45 40 49 XOR
2 1 46 25 50 XOR
2 1 49 50 51 XOR
2 1 47 48 52 XOR
2 1 6 50 53 AND
3 1 6 48 51 54 AND
4 1 6 47 49 51 55 AND
4 1 6 48 49 51 56 AND
2 1 6 51 57 AND
3 1 6 47 49 58 AND
2 1 29 30 59 XOR
2 1 28 31 60 XOR
2 1 27 32 61 XOR
2 1 26 33 62 XOR
2 1 25 34 63 XOR
4 1 8 48 49 51 64 AND
2 1 8 51 65 AND
3 1 8 47 49 66 AND
2 1 37 38 67 XOR
2 1 36 39 68 XOR
2 1 0 50 69 AND
3 1 0 48 51 70 AND
4 1 0 47 49 51 71 AND
2 1 42 43 72 XOR
2 1 41 44 73 XOR
2 1 16 48 74 AND
3 1 16 50 52 75 AND
4 1 16 47 49 52 76 AND
4 1 16 47 50 52 77 AND
2 1 16 52 78 AND
3 1 16 47 49 79 AND
2 1 50 51 80 XOR
2 1 49 52 81 XOR
2 1 48 53 82 XOR
2 1 47 54 83 XOR
2 1 46 55 84 XOR
4 1 9 47 50 52 85 AND
2 1 9 52 86 AND
3 1 9 47 49 87 AND
2 1 58 59 88 XOR
2 1 57 60 89 XOR
2 1 17 48 90 AND
3 1 17 50 52 91 AND
4 1 17 47 49 52 92 AND
2 1 63 64 93 XOR
2 1 62 65 94 XOR
2 1 15 48 95 AND
3 1 15 50 52 96 AND
4 1 15 47 49 52 97 AND
2 1 15 50 98 AND
3 1 15 48 51 99 AND
4 1 15 47 49 51 100 AND
2 1 71 72 101 XOR
2 1 70 73 102 XOR
2 1 69 74 103 XOR
2 1 68 75 104 XOR
2 1 67 76 105 XOR
2 1 24 48 106 AND
3 1 24 50 52 107 AND
4 1 24 47 49 52 108 AND
4 1 24 47 50 52 109 AND
2 1 24 52 110 AND
4 1 24 48 49 51 111 AND
2 1 24 51 112 AND
2 1 83 84 113 XOR
2 1 82 85 114 XOR
2 1 81 86 115 XOR
2 1 80 87 116 XOR
2 1 79 88 117 XOR
2 1 78 89 118 XOR
4 1 10 47 50 52 119 AND
2 1 10 52 120 AND
4 1 10 48 49 51 121 AND
2 1 10 51 122 AND
2 1 93 94 123 XOR
2 1 92 95 124 XOR
2 1 91 96 125 XOR
2 1 13 50 126 AND
3 1 13 48 51 127 AND
4 1 13 47 49 51 128 AND
4 1 13 48 49 51 129 AND
2 1 13 51 130 AND
3 1 13 47 49 131 AND
2 1 102 103 132 XOR
2 1 101 104 133 XOR
2 1 100 105 134 XOR
2 1 99 106 135 XOR
2 1 98 107 136 XOR
4 1 23 48 49 51 137 AND
2 1 23 51 138 AND
3 1 23 47 49 139 AND
2 1 110 111 140 XOR
2 1 109 112 141 XOR
2 1 19 50 142 AND
3 1 19 48 51 143 AND
4 1 19 47 49 51 144 AND
2 1 115 116 145 XOR
2 1 114 117 146 XOR
2 1 3 48 147 AND
3 1 3 50 52 148 AND
4 1 3 47 49 52 149 AND
4 1 3 47 50 52 150 AND
2 1 3 52 151 AND
3 1 3 47 49 152 AND
2 1 123 124 153 XOR
2 1 122 125 154 XOR
2 1 121 126 155 XOR
2 1 120 127 156 XOR
2 1 119 128 157 XOR
4 1 22 47 50 52 158 AND
2 1 22 52 159 AND
3 1 22 47 49 160 AND
2 1 131 132 161 XOR
2 1 130 133 162 XOR
2 1 20 48 163 AND
3 1 20 50 52 164 AND
4 1 20 47 49 52 165 AND
2 1 136 137 166 XOR
2 1 135 138 167 XOR
2 1 1 48 168 AND
3 1 1 50 52 169 AND
4 1 1 47 49 52 170 AND
2 1 1 50 171 AND
3 1 1 48 51 172 AND
4 1 1 47 49 51 173 AND
2 1 144 145 174 XOR
2 1 143 146 175 XOR
2 1 142 147 176 XOR
2 1 141 148 177 XOR
2 1 140 149 178 XOR
4 1 4 47 50 52 179 AND
2 1 4 52 180 AND
2 1 4 51 181 AND
2 1 4 48 182 AND
3 1 4 50 52 183 AND
4 1 4 47 49 52 184 AND
2 1 4 50 185 AND
3 1 4 48 51 186 AND
4 1 4 47 49 51 187 AND
2 1 158 159 188 XOR
2 1 157 160 189 XOR
2 1 156 161 190 XOR
2 1 155 162 191 XOR
2 1 154 163 192 XOR
2 1 153 164 193 XOR
2 1 152 165 194 XOR
2 1 151 166 195 XOR
4 1 2 47 50 52 196 AND
2 1 2 52 197 AND
4 1 2 48 49 51 198 AND
2 1 2 51 199 AND
2 1 170 171 200 XOR
2 1 169 172 201 XOR
2 1 168 173 202 XOR
1 1 63 203 EQW
1 1 68 204 EQW
1 1 73 205 EQW
1 1 84 206 EQW
1 1 89 207 EQW
1 1 94 208 EQW
1 1 105 209 EQW
1 1 118 210 EQW
1 1 125 211 EQW
1 1 136 212 EQW
1 1 141 213 EQW
1 1 146 214 EQW
1 1 157 215 EQW
1 1 162 216 EQW
1 1 167 217 EQW
1 1 178 218 EQW
1 1 195 219 EQW
1 1 202 220 EQW
2 1 220 220 221 AND
2 1 220 220 222 AND
2 1 220 221 223 XOR
2 1 220 220 224 AND
2 1 224 221 225 XOR
2 1 220 220 226 AND
2 1 220 220 227 AND
2 1 220 226 228 XOR
2 1 220 220 229 AND
2 1 229 226 230 XOR
2 1 220 220 231 AND
2 1 220 220 232 AND
2 1 232 231 233 XOR
2 1 220 220 234 AND
2 1 234 231 235 XOR
2 1 223 222 236 XOR
2 1 225 220 237 XOR
2 1 228 227 238 XOR
2 1 230 235 239 XOR
2 1 236 233 240 XOR
2 1 237 235 241 XOR
2 1 238 233 242 XOR
2 1 239 220 243 XOR
2 1 242 243 244 XOR
2 1 240 241 245 XOR
2 1 220 243 246 AND
3 1 220 241 244 247 AND
4 1 220 240 242 244 248 AND
4 1 220 241 242 244 249 AND
2 1 220 244 250 AND
3 1 220 240 242 251 AND
2 1 222 223 252 XOR
2 1 221 224 253 XOR
2 1 220 225 254 XOR
2 1 219 226 255 XOR
2 1 218 227 256 XOR
4 1 220 241 242 244 257 AND
2 1 220 244 258 AND
3 1 220 240 242 259 AND
2 1 230 231 260 XOR
2 1 229 232 261 XOR
2 1 220 243 262 AND
3 1 220 241 244 263 AND
4 1 220 240 242 244 264 AND
2 1 235 236 265 XOR
2 1 234 237 266 XOR
2 1 220 241 267 AND
3 1 220 243 245 268 AND
4 1 220 240 242 245 269 AND
4 1 220 240 243 245 270 AND
2 1 220 245 271 AND
3 1 220 240 242 272 AND
2 1 243 244 273 XOR
2 1 242 245 274 XOR
2 1 241 246 275 XOR
2 1 240 247 276 XOR
2 1 239 248 277 XOR
4 1 220 240 243 245 278 AND
2 1 220 245 279 AND
3 1 220 240 242 280 AND
2 1 251 252 281 XOR
2 1 250 253 282 XOR
2 1 220 241 283 AND
3 1 220 243 245 284 AND
4 1 220 240 242 245 285 AND
2 1 256 257 286 XOR
2 1 255 258 287 XOR
2 1 220 241 288 AND
3 1 220 243 245 289 AND
4 1 220 240 242 245 290 AND
2 1 220 243 291 AND
3 1 220 241 244 292 AND
4 1 220 240 242 244 293 AND
2 1 264 265 294 XOR
2 1 263 266 295 XOR
2 1 262 267 296 XOR
2 1 261 268 297 XOR
2 1 260 269 298 XOR
2 1 220 241 299 AND
3 1 220 243 245 300 AND
4 1 220 240 242 245 301 AND
4 1 220 240 243 245 302 AND
2 1 220 245 303 AND
4 1 220 241 242 244 304 AND
2 1 220 244 305 AND
2 1 276 277 306 XOR
2 1 275 278 307 XOR
2 1 274 279 308 XOR
2 1 273 280 309 XOR
2 1 272 281 310 XOR
2 1 271 282 311 XOR
4 1 220 240 243 245 312 AND
2 1 220 245 313 AND
4 1 220 241 242 244 314 AND
2 1 220 244 315 AND
2 1 286 287 316 XOR
2 1 285 288 317 XOR
2 1 284 289 318 XOR
2 1 220 243 319 AND
3 1 220 241 244 320 AND
4 1 220 240 242 244 321 AND
4 1 220 241 242 244 322 AND
2 1 220 244 323 AND
3 1 220 240 242 324 AND
2 1 295 296 325 XOR
2 1 294 297 326 XOR
2 1 293 298 327 XOR
2 1 292 299 328 XOR
2 1 291 300 329 XOR
4 1 220 241 242 244 330 AND
2 1 220 244 331 AND
3 1 220 240 242 332 AND
2 1 303 304 333 XOR
2 1 302 305 334 XOR
2 1 220 243 335 AND
3 1 220 241 244 336 AND
4 1 220 240 242 244 337 AND
2 1 308 309 338 XOR
2 1 307 310 339 XOR
2 1 220 241 340 AND
3 1 220 243 245 341 AND
4 1 220 240 242 245 342 AND
4 1 220 240 243 245 343 AND
2 1 220 245 344 AND
3 1 220 240 242 345 AND
2 1 316 317 346 XOR
2 1 315 318 347 XOR
2 1 314 319 348 XOR
2 1 313 320 349 XOR
2 1 312 321 350 XOR
4 1 220 240 243 245 351 AND
2 1 220 245 352 AND
3 1 220 240 242 353 AND
2 1 324 325 354 XOR
2 1 323 326 355 XOR
2 1 220 241 356 AND
3 1 220 243 245 357 AND
4 1 220 240 242 245 358 AND
2 1 329 330 359 XOR
2 1 328 331 360 XOR
2 1 220 241 361 AND
3 1 220 243 245 362 AND
4 1 220 240 242 245 363 AND
2 1 220 243 364 AND
3 1 220 241 244 365 AND
4 1 220 240 242 244 366 AND
2 1 337 338 367 XOR
2 1 336 339 368 XOR
2 1 335 340 369 XOR
2 1 334 341 370 XOR
2 1 333 342 371 XOR
4 1 220 240 243 245 372 AND
2 1 220 245 373 AND
2 1 220 244 374 AND
2 1 220 241 375 AND
3 1 220 243 245 376 AND
4 1 220 240 242 245 377 AND
2 1 220 243 378 AND
3 1 220 241 244 379 AND
4 1 220 240 242 244 380 AND
2 1 351 352 381 XOR
2 1 350 353 382 XOR
2 1 349 354 383 XOR
2 1 348 355 384 XOR
2 1 347 356 385 XOR
2 1 346 357 386 XOR
2 1 345 358 387 XOR
2 1 344 359 388 XOR
4 1 220 240 243 245 389 AND
2 1 220 245 390 AND
4 1 220 241 242 244 391 AND
2 1 220 244 392 AND
2 1 363 364 393 XOR
2 1 362 365 394 XOR
2 1 361 366 395 XOR
1 1 256 396 EQW
1 1 261 397 EQW
1 1 266 398 EQW
1 1 277 399 EQW
1 1 282 400 EQW
1 1 287 401 EQW
1 1 298 402 EQW
1 1 311 403 EQW
1 1 318 404 EQW
1 1 329 405 EQW
1 1 334 406 EQW
1 1 339 407 EQW
1 1 350 408 EQW
1 1 355 409 EQW
1 1 360 410 EQW
1 1 371 411 EQW
1 1 388 412 EQW
1 1 395 413 EQW
2 1 413 413 414 AND
2 1 413 413 415 AND
2 1 413 414 416 XOR
2 1 413 413 417 AND
2 1 417 414 418 XOR
2 1 413 413 419 AND
2 1 413 413 420 AND
2 1 413 419 421 XOR
2 1 413 413 422 AND
2 1 422 419 423 XOR
2 1 413 413 424 AND
2 1 413 413 425 AND
2 1 425 424 426 XOR
2 1 413 413 427 AND
2 1 427 424 428 XOR
2 1 416 415 429 XOR
2 1 418 413 430 XOR
2 1 421 420 431 XOR
2 1 423 428 432 XOR
2 1 429 426 433 XOR
2 1 430 428 434 XOR
2 1 431 426 435 XOR
2 1 432 413 436 XOR
2 1 435 436 437 XOR
2 1 433 434 438 XOR
2 1 413 436 439 AND
3 1 413 434 437 440 AND
4 1 413 433 435 437 441 AND
4 1 413 434 435 437 442 AND
2 1 413 437 443 AND
3 1 413 433 435 444 AND
2 1 415 416 445 XOR
2 1 414 417 446 XOR
2 1 413 418 447 XOR
2 1 412 419 448 XOR
2 1 411 420 449 XOR
4 1 413 434 435 437 450 AND
2 1 413 437 451 AND
3 1 413 433 435 452 AND
2 1 423 424 453 XOR
2 1 422 425 454 XOR
2 1 413 436 455 AND
3 1 413 434 437 456 AND
4 1 413 433 435 437 457 AND
2 1 428 429 458 XOR
2 1 427 430 459 XOR
2 1 413 434 460 AND
3 1 413 436 438 461 AND
4 1 413 433 435 438 462 AND
4 1 413 433 436 438 463 AND
2 1 413 438 464 AND
3 1 413 433 435 465 AND
2 1 436 437 466 XOR
2 1 435 438 467 XOR
2 1 434 439 468 XOR
2 1 433 440 469 XOR
2 1 432 441 470 XOR
4 1 413 433 436 438 471 AND
2 1 413 438 472 AND
3 1 413 433 435 473 AND
2 1 444 445 474 XOR
2 1 443 446 475 XOR
2 1 413 434 476 AND
3 1 413 436 438 477 AND
4 1 413 433 435 438 478 AND
2 1 449 450 479 XOR
2 1 448 451 480 XOR
2 1 413 434 481 AND
3 1 413 436 438 482 AND
4 1 413 433 435 438 483 AND
2 1 413 436 484 AND
3 1 413 434 437 485 AND
4 1 413 433 435 437 486 AND
2 1 457 458 487 XOR
2 1 456 459 488 XOR
2 1 455 460 489 XOR
2 1 454 461 490 XOR
2 1 453 462 491 XOR
2 1 413 434 492 AND
3 1 413 436 438 493 AND
4 1 413 433 435 438 494 AND
4 1 413 433 436 438 495 AND
2 1 413 438 496 AND
4 1 413 434 435 437 497 AND
2 1 413 437 498 AND
2 1 469 470 499 XOR
2 1 468 471 500 XOR
2 1 467 472 501 XOR
2 1 466 473 502 XOR
2 1 465 474 503 XOR
2 1 464 475 504 XOR
4 1 413 433 436 438 505 AND
2 1 413 438 506 AND
4 1 413 434 435 437 507 AND
2 1 413 437 508 AND
2 1 479 480 509 XOR
2 1 478 481 510 XOR
2 1 477 482 511 XOR
2 1 413 436 512 AND
3 1 413 434 437 513 AND
4 1 413 433 435 437 514 AND
4 1 413 434 435 437 515 AND
2 1 413 437 516 AND
3 1 413 433 435 517 AND
2 1 488 489 518 XOR
2 1 487 490 519 XOR
2 1 486 491 520 XOR
2 1 485 492 521 XOR
2 1 484 493 522 XOR
4 1 413 434 435 437 523 AND
2 1 413 437 524 AND
3 1 413 433 435 525 AND
2 1 496 497 526 XOR
2 1 495 498 527 XOR
2 1 413 436 528 AND
3 1 413 434 437 529 AND
4 1 413 433 435 437 530 AND
2 1 501 502 531 XOR
2 1 500 503 532 XOR
2 1 413 434 533 AND
3 1 413 436 438 534 AND
4 1 413 433 435 438 535 AND
4 1 413 433 436 438 536 AND
2 1 413 438 537 AND
3 1 413 433 435 538 AND
2 1 509 510 539 XOR
2 1 508 511 540 XOR
2 1 507 512 541 XOR
2 1 506 513 542 XOR
2 1 505 514 543 XOR
4 1 413 433 436 438 544 AND
2 1 413 438 545 AND
3 1 413 433 435 546 AND
2 1 517 518 547 XOR
2 1 516 519 548 XOR
2 1 413 434 549 AND
3 1 413 436 438 550 AND
4 1 413 433 435 438 551 AND
2 1 522 523 552 XOR
2 1 521 524 553 XOR
2 1 413 434 554 AND
3 1 413 436 438 555 AND
4 1 413 433 435 438 556 AND
2 1 413 436 557 AND
3 1 413 434 437 558 AND
4 1 413 433 435 437 559 AND
2 1 530 531 560 XOR
2 1 529 532 561 XOR
2 1 528 533 562 XOR
2 1 527 534 563 XOR
2 1 526 535 564 XOR
4 1 413 433 436 438 565 AND
2 1 413 438 566 AND
2 1 413 437 567 AND
2 1 413 434 568 AND
3 1 413 436 438 569 AND
4 1 413 433 435 438 570 AND
2 1 413 436 571 AND
3 1 413 434 437 572 AND
4 1 413 433 435 437 573 AND
2 1 544 545 574 XOR
2 1 543 546 575 XOR
2 1 542 547 576 XOR
2 1 541 548 577 XOR
2 1 540 549 578 XOR
2 1 539 550 579 XOR
2 1 538 551 580 XOR
2 1 537 552 581 XOR
4 1 413 433 436 438 582 AND
2 1 413 438 583 AND
4 1 413 434 435 437 584 AND
2 1 413 437 585 AND
2 1 556 557 586 XOR
2 1 555 558 587 XOR
2 1 554 559 588 XOR
1 1 449 589 EQW
1 1 454 590 EQW
1 1 459 591 EQW
1 1 470 592 EQW
1 1 475 593 EQW
1 1 480 594 EQW
1 1 491 595 EQW
1 1 504 596 EQW
1 1 511 597 EQW
1 1 522 598 EQW
1 1 527 599 EQW
1 1 532 600 EQW
1 1 543 601 EQW
1 1 548 602 EQW
1 1 553 603 EQW
1 1 564 604 EQW
1 1 581 605 EQW
1 1 588 606 EQW
2 1 606 606 607 AND
2 1 606 606 608 AND
2 1 606 607 609 XOR
2 1 606 606 610 AND
2 1 610 607 611 XOR
2 1 606 606 612 AND
2 1 606 606 613 AND
2 1 606 612 614 XOR
2 1 606 606 615 AND
2 1 615 612 616 XOR
2 1 606 606 617 AND
2 1 606 606 618 AND
2 1 618 617 619 XOR
2 1 606 606 620 AND
2 1 620 617 621 XOR
2 1 609 608 622 XOR
2 1 611 606 623 XOR
2 1 614 613 624 XOR
2 1 616 621 625 XOR
2 1 622 619 626 XOR
2 1 623 621 627 XOR
2 1 624 619 628 XOR
2 1 625 606 629 XOR
2 1 628 629 630 XOR
2 1 626 627 631 XOR
2 1 606 629 632 AND
3 1 606 627 630 633 AND
4 1 606 626 628 630 634 AND
4 1 606 627 628 630 635 AND
2 1 606 630 636 AND
3 1 606 626 628 637 AND
2 1 608 609 638 XOR
2 1 607 610 639 XOR
2 1 606 611 640 XOR
2 1 605 612 641 XOR
2 1 604 613 642 XOR
4 1 606 627 628 630 643 AND
2 1 606 630 644 AND
3 1 606 626 628 645 AND
2 1 616 617 646 XOR
2 1 615 618 647 XOR
2 1 606 629 648 AND
3 1 606 627 630 649 AND
4 1 606 626 628 630 650 AND
2 1 621 622 651 XOR
2 1 620 623 652 XOR
2 1 606 627 653 AND
3 1 606 629 631 654 AND
4 1 606 626 628 631 655 AND
4 1 606 626 629 631 656 AND
2 1 606 631 657 AND
3 1 606 626 628 658 AND
2 1 629 630 659 XOR
2 1 628 631 660 XOR
2 1 627 632 661 XOR
2 1 626 633 662 XOR
2 1 625 634 663 XOR
4 1 606 626 629 631 664 AND
2 1 606 631 665 AND
3 1 606 626 628 666 AND
2 1 637 638 667 XOR
2 1 636 639 668 XOR
2 1 606 627 669 AND
3 1 606 629 631 670 AND
4 1 606 626 628 631 671 AND
2 1 642 643 672 XOR
2 1 641 644 673 XOR
2 1 606 627 674 AND
3 1 606 629 631 675 AND
4 1 606 626 628 631 676 AND
2 1 606 629 677 AND
3 1 606 627 630 678 AND
4 1 606 626 628 630 679 AND
2 1 650 651 680 XOR
2 1 649 652 681 XOR
2 1 648 653 682 XOR
2 1 647 654 683 XOR
2 1 646 655 684 XOR
2 1 606 627 685 AND
3 1 606 629 631 686 AND
4 1 606 626 628 631 687 AND
4 1 606 626 629 631 688 AND
2 1 606 631 689 AND
4 1 606 627 628 630 690 AND
2 1 606 630 691 AND
2 1 662 663 692 XOR
2 1 661 664 693 XOR
2 1 660 665 694 XOR
2 1 659 666 695 XOR
2 1 658 667 696 XOR
2 1 657 668 697 XOR
4 1 606 626 629 631 698 AND
2 1 606 631 699 AND
4 1 606 627 628 630 700 AND
2 1 606 630 701 AND
2 1 672 673 702 XOR
2 1 671 674 703 XOR
2 1 670 675 704 XOR
2 1 606 629 705 AND
3 1 606 627 630 706 AND
4 1 606 626 628 630 707 AND
4 1 606 627 628 630 708 AND
2 1 606 630 709 AND
3 1 606 626 628 710 AND
2 1 681 682 711 XOR
2 1 680 683 712 XOR
2 1 679 684 713 XOR
2 1 678 685 714 XOR
2 1 677 686 715 XOR
4 1 606 627 628 630 716 AND
2 1 606 630 717 AND
3 1 606 626 628 718 AND
2 1 689 690 719 XOR
2 1 688 691 720 XOR
2 1 606 629 721 AND
3 1 606 627 630 722 AND
4 1 606 626 628 630 723 AND
2 1 694 695 724 XOR
2 1 693 696 725 XOR
2 1 606 627 726 AND
3 1 606 629 631 727 AND
4 1 606 626 628 631 728 AND
4 1 606 626 629 631 729 AND
2 1 606 631 730 AND
3 1 606 626 628 731 AND
2 1 702 703 732 XOR
2 1 701 704 733 XOR
2 1 700 705 734 XOR
2 1 699 706 735 XOR
2 1 698 707 736 XOR
4 1 606 626 629 631 737 AND
2 1 606 631 738 AND
3 1 606 626 628 739 AND
2 1 710 711 740 XOR
2 1 709 712 741 XOR
2 1 606 627 742 AND
3 1 606 629 631 743 AND
4 1 606 626 628 631 744 AND
2 1 715 716 745 XOR
2 1 714 717 746 XOR
2 1 606 627 747 AND
3 1 606 629 631 748 AND
4 1 606 626 628 631 749 AND
2 1 606 629 750 AND
3 1 606 627 630 751 AND
4 1 606 626 628 630 752 AND
2 1 723 724 753 XOR
2 1 722 725 754 XOR
2 1 721 726 755 XOR
2 1 720 727 756 XOR
2 1 719 728 757 XOR
4 1 606 626 629 631 758 AND
2 1 606 631 759 AND
2 1 606 630 760 AND
2 1 606 627 761 AND
3 1 606 629 631 762 AND
4 1 606 626 628 631 763 AND
2 1 606 629 764 AND
3 1 606 627 630 765 AND
4 1 606 626 628 630 766 AND
2 1 737 738 767 XOR
2 1 736 739 768 XOR
2 1 735 740 769 XOR
2 1 734 741 770 XOR
2 1 733 742 771 XOR
2 1 732 743 772 XOR
2 1 731 744 773 XOR
2 1 730 745 774 XOR
4 1 606 626 629 631 775 AND
2 1 606 631 776 AND
4 1 606 627 628 630 777 AND
2 1 606 630 778 AND
2 1 749 750 779 XOR
2 1 748 751 780 XOR
2 1 747 752 781 XOR
1 1 642 782 EQW
1 1 647 783 EQW
1 1 652 784 EQW
1 1 663 785 EQW
1 1 668 786 EQW
1 1 673 787 EQW
1 1 684 788 EQW
1 1 697 789 EQW
1 1 704 790 EQW
1 1 715 791 EQW
1 1 720 792 EQW
1 1 725 793 EQW
1 1 736 794 EQW
1 1 741 795 EQW
1 1 746 796 EQW
1 1 757 797 EQW
1 1 774 798 EQW
1 1 781 799 EQW
2 1 799 799 800 AND
2 1 799 799 801 AND
2 1 799 800 802 XOR
2 1 799 799 803 AND
2 1 803 800 804 XOR
2 1 799 799 805 AND
2 1 799 799 806 AND
2 1 799 805 807 XOR
2 1 799 799 808 AND
2 1 808 805 809 XOR
2 1 799 799 810 AND
2 1 799 799 811 AND
2 1 811 810 812 XOR
2 1 799 799 813 AND
2 1 813 810 814 XOR
2 1 802 801 815 XOR
2 1 804 799 816 XOR
2 1 807 806 817 XOR
2 1 809 814 818 XOR
2 1 815 812 819 XOR
2 1 816 814 820 XOR
2 1 817 812 821 XOR
2 1 818 799 822 XOR
2 1 821 822 823 XOR
2 1 819 820 824 XOR
2 1 799 822 825 AND
3 1 799 820 823 826 AND
4 1 799 819 821 823 827 AND
4 1 799 820 821 823 828 AND
2 1 799 823 829 AND
3 1 799 819 821 830 AND
2 1 801 802 831 XOR
2 1 800 803 832 XOR
2 1 799 804 833 XOR
2 1 798 805 834 XOR
2 1 797 806 835 XOR
4 1 799 820 821 823 836 AND
2 1 799 823 837 AND
3 1 799 819 821 838 AND
2 1 809 810 839 XOR
2 1 808 811 840 XOR
2 1 799 822 841 AND
3 1 799 820 823 842 AND
4 1 799 819 821 823 843 AND
2 1 814 815 844 XOR
2 1 813 816 845 XOR
2 1 799 820 846 AND
3 1 799 822 824 847 AND
4 1 799 819 821 824 848 AND
4 1 799 819 822 824 849 AND
2 1 799 824 850 AND
3 1 799 819 821 851 AND
2 1 822 823 852 XOR
2 1 821 824 853 XOR
2 1 820 825 854 XOR
2 1 819 826 855 XOR
2 1 818 827 856 XOR
4 1 799 819 822 824 857 AND
2 1 799 824 858 AND
3 1 799 819 821 859 AND
2 1 830 831 860 XOR
2 1 829 832 861 XOR
2 1 799 820 862 AND
3 1 799 822 824 863 AND
4 1 799 819 821 824 864 AND
2 1 835 836 865 XOR
2 1 834 837 866 XOR
2 1 799 820 867 AND
3 1 799 822 824 868 AND
4 1 799 819 821 824 869 AND
2 1 799 822 870 AND
3 1 799 820 823 871 AND
4 1 799 819 821 823 872 AND
2 1 843 844 873 XOR
2 1 842 845 874 XOR
2 1 841 846 875 XOR
2 1 840 847 876 XOR
2 1 839 848 877 XOR
2 1 799 820 878 AND
3 1 799 822 824 879 AND
4 1 799 819 821 824 880 AND
4 1 799 819 822 824 881 AND
2 1 799 824 882 AND
4 1 799 820 821 823 883 AND
2 1 799 823 884 AND
2 1 855 856 885 XOR
2 1 854 857 886 XOR
2 1 853 858 887 XOR
2 1 852 859 888 XOR
2 1 851 860 889 XOR
2 1 850 861 890 XOR
4 1 799 819 822 824 891 AND
2 1 799 824 892 AND
4 1 799 820 821 823 893 AND
2 1 799 823 894 AND
2 1 865 866 895 XOR
2 1 864 867 896 XOR
2 1 863 868 897 XOR
2 1 799 822 898 AND
3 1 799 820 823 899 AND
4 1 799 819 821 823 900 AND
4 1 799 820 821 823 901 AND
2 1 799 823 902 AND
3 1 799 819 821 903 AND
2 1 874 875 904 XOR
2 1 873 876 905 XOR
2 1 872 877 906 XOR
2 1 871 878 907 XOR
2 1 870 879 908 XOR
4 1 799 820 821 823 909 AND
2 1 799 823 910 AND
3 1 799 819 821 911 AND
2 1 882 883 912 XOR
2 1 881 884 913 XOR
2 1 799 822 914 AND
3 1 799 820 823 915 AND
4 1 799 819 821 823 916 AND
2 1 887 888 917 XOR
2 1 886 889 918 XOR
2 1 799 820 919 AND
3 1 799 822 824 920 AND
4 1 799 819 821 824 921 AND
4 1 799 819 822 824 922 AND
2 1 799 824 923 AND
3 1 799 819 821 924 AND
2 1 895 896 925 XOR
2 1 894 897 926 XOR
2 1 893 898 927 XOR
2 1 892 899 928 XOR
2 1 891 900 929 XOR
4 1 799 819 822 824 930 AND
2 1 799 824 931 AND
3 1 799 819 821 932 AND
2 1 903 904 933 XOR
2 1 902 905 934 XOR
2 1 799 820 935 AND
3 1 799 822 824 936 AND
4 1 799 819 821 824 937 AND
2 1 908 909 938 XOR
2 1 907 910 939 XOR
2 1 799 820 940 AND
3 1 799 822 824 941 AND
4 1 799 819 821 824 942 AND
2 1 799 822 943 AND
3 1 799 820 823 944 AND
4 1 799 819 821 823 945 AND
2 1 916 917 946 XOR
2 1 915 918 947 XOR
2 1 914 919 948 XOR
2 1 913 920 949 XOR
2 1 912 921 950 XOR
4 1 799 819 822 824 951 AND
2 1 799 824 952 AND
2 1 799 823 953 AND
2 1 799 820 954 AND
3 1 799 822 824 955 AND
4 1 799 819 821 824 956 AND
2 1 799 822 957 AND
3 1 799 820 823 958 AND
4 1 799 819 821 823 959 AND
2 1 930 931 960 XOR
2 1 929 932 961 XOR
2 1 928 933 962 XOR
2 1 927 934 963 XOR
2 1 926 935 964 XOR
2 1 925 936 965 XOR
2 1 924 937 966 XOR
2 1 923 938 967 XOR
4 1 799 819 822 824 968 AND
2 1 799 824 969 AND
4 1 799 820 821 823 970 AND
2 1 799 823 971 AND
2 1 942 943 972 XOR
2 1 941 944 973 XOR
2 1 940 945 974 XOR
1 1 835 975 EQW
1 1 840 976 EQW
1 1 845 977 EQW
1 1 856 978 EQW
1 1 861 979 EQW
1 1 866 980 EQW
1 1 877 981 EQW
1 1 890 982 EQW
1 1 897 983 EQW
1 1 908 984 EQW
1 1 913 985 EQW
1 1 918 986 EQW
1 1 929 987 EQW
1 1 934 988 EQW
1 1 939 989 EQW
1 1 950 990 EQW
1 1 967 991 EQW
1 1 974 992 EQW
2 1 992 992 993 AND
2 1 992 992 994 AND
2 1 992 993 995 XOR
2 1 992 992 996 AND
2 1 996 993 997 XOR
2 1 992 992 998 AND
2 1 992 992 999 AND
2 1 992 998 1000 XOR
2 1 992 992 1001 AND
2 1 1001 998 1002 XOR
2 1 992 992 1003 AND
2 1 992 992 1004 AND
2 1 1004 1003 1005 XOR
2 1 992 992 1006 AND
2 1 1006 1003 1007 XOR
2 1 995 994 1008 XOR
2 1 997 992 1009 XOR
2 1 1000 999 1010 XOR
2 1 1002 1007 1011 XOR
2 1 1008 1005 1012 XOR
2 1 1009 1007 1013 XOR
2 1 1010 1005 1014 XOR
2 1 1011 992 1015 XOR
2 1 1014 1015 1016 XOR
2 1 1012 1013 1017 XOR
2 1 992 1015 1018 AND
3 1 992 1013 1016 1019 AND
4 1 992 1012 1014 1016 1020 AND
4 1 992 1013 1014 1016 1021 AND
2 1 992 1016 1022 AND
3 1 992 1012 1014 1023 AND
2 1 994 995 1024 XOR
2 1 993 996 1025 XOR
2 1 992 997 1026 XOR
2 1 991 998 1027 XOR
2 1 990 999 1028 XOR
4 1 992 1013 1014 1016 1029 AND
2 1 992 1016 1030 AND
3 1 992 1012 1014 1031 AND
2 1 1002 1003 1032 XOR
2 1 1001 1004 1033 XOR
2 1 992 1015 1034 AND
3 1 992 1013 1016 1035 AND
4 1 992 1012 1014 1016 1036 AND
2 1 1007 1008 1037 XOR
2 1 1006 1009 1038 XOR
2 1 992 1013 1039 AND
3 1 992 1015 1017 1040 AND
4 1 992 1012 1014 1017 1041 AND
4 1 992 1012 1015 1017 1042 AND
2 1 992 1017 1043 AND
3 1 992 1012 1014 1044 AND
2 1 1015 1016 1045 XOR
2 1 1014 1017 1046 XOR
2 1 1013 1018 1047 XOR
2 1 1012 1019 1048 XOR
2 1 1011 1020 1049 XOR
4 1 992 1012 1015 1017 1050 AND
2 1 992 1017 1051 AND
3 1 992 1012 1014 1052 AND
2 1 1023 1024 1053 XOR
2 1 1022 1025 1054 XOR
2 1 992 1013 1055 AND
3 1 992 1015 1017 1056 AND
4 1 992 1012 1014 1017 1057 AND
2 1 1028 1029 1058 XOR
2 1 1027 1030 1059 XOR
2 1 992 1013 1060 AND
3 1 992 1015 1017 1061 AND
4 1 992 1012 1014 1017 1062 AND
2 1 992 1015 1063 AND
3 1 992 1013 1016 1064 AND
4 1 992 1012 1014 1016 1065 AND
2 1 1036 1037 1066 XOR
2 1 1035 1038 1067 XOR
2 1 1034 1039 1068 XOR
2 1 1033 1040 1069 XOR
2 1 1032 1041 1070 XOR
2 1 992 1013 1071 AND
3 1 992 1015 1017 1072 AND
4 1 992 1012 1014 1017 1073 AND
4 1 992 1012 1015 1017 1074 AND
2 1 992 1017 1075 AND
4 1 992 1013 1014 1016 1076 AND
2 1 992 1016 1077 AND
2 1 1048 1049 1078 XOR
2 1 1047 1050 1079 XOR
2 1 1046 1051 1080 XOR
2 1 1045 1052 1081 XOR
2 1 1044 1053 1082 XOR
2 1 1043 1054 1083 XOR
4 1 992 1012 1015 1017 1084 AND
2 1 992 1017 1085 AND
4 1 992 1013 1014 1016 1086 AND
2 1 992 1016 1087 AND
2 1 1058 1059 1088 XOR
2 1 1057 1060 1089 XOR
2 1 1056 1061 1090 XOR
2 1 992 1015 1091 AND
3 1 992 1013 1016 1092 AND
4 1 992 1012 1014 1016 1093 AND
4 1 992 1013 1014 1016 1094 AND
2 1 992 1016 1095 AND
3 1 992 1012 1014 1096 AND
2 1 1067 1068 1097 XOR
2 1 1066 1069 1098 XOR
2 1 1065 1070 1099 XOR
2 1 1064 1071 1100 XOR
2 1 1063 1072 1101 XOR
4 1 992 1013 1014 1016 1102 AND
2 1 992 1016 1103 AND
3 1 992 1012 1014 1104 AND
2 1 1075 1076 1105 XOR
2 1 1074 1077 1106 XOR
2 1 992 1015 1107 AND
3 1 992 1013 1016 1108 AND
4 1 992 1012 1014 1016 1109 AND
2 1 1080 1081 1110 XOR
2 1 1079 1082 1111 XOR
2 1 992 1013 1112 AND
3 1 992 1015 1017 1113 AND
4 1 992 1012 1014 1017 1114 AND
4 1 992 1012 1015 1017 1115 AND
2 1 992 1017 1116 AND
3 1 992 1012 1014 1117 AND
2 1 1088 1089 1118 XOR
2 1 1087 1090 1119 XOR
2 1 1086 1091 1120 XOR
2 1 1085 1092 1121 XOR
2 1 1084 1093 1122 XOR
4 1 992 1012 1015 1017 1123 AND
2 1 992 1017 1124 AND
3 1 992 1012 1014 1125 AND
2 1 1096 1097 1126 XOR
2 1 1095 1098 1127 XOR
2 1 992 1013 1128 AND
3 1 992 1015 1017 1129 AND
4 1 992 1012 1014 1017 1130 AND
2 1 1101 1102 1131 XOR
2 1 1100 1103 1132 XOR
2 1 992 1013 1133 AND
3 1 992 1015 1017 1134 AND
4 1 992 1012 1014 1017 1135 AND
2 1 992 1015 1136 AND
3 1 992 1013 1016 1137 AND
4 1 992 1012 1014 1016 1138 AND
2 1 1109 1110 1139 XOR
2 1 1108 1111 1140 XOR
2 1 1107 1112 1141 XOR
2 1 1106 1113 1142 XOR
2 1 1105 1114 1143 XOR
4 1 992 1012 1015 1017 1144 AND
2 1 992 1017 1145 AND
2 1 992 1016 1146 AND
2 1 992 1013 1147 AND
3 1 992 1015 1017 1148 AND
4 1 992 1012 1014 1017 1149 AND
2 1 992 1015 1150 AND
3 1 992 1013 1016 1151 AND
4 1 992 1012 1014 1016 1152 AND
2 1 1123 1124 1153 XOR
2 1 1122 1125 1154 XOR
2 1 1121 1126 1155 XOR
2 1 1120 1127 1156 XOR
2 1 1119 1128 1157 XOR
2 1 1118 1129 1158 XOR
2 1 1117 1130 1159 XOR
2 1 1116 1131 1160 XOR
4 1 992 1012 1015 1017 1161 AND
2 1 992 1017 1162 AND
4 1 992 1013 1014 1016 1163 AND
2 1 992 1016 1164 AND
2 1 1135 1136 1165 XOR
2 1 1134 1137 1166 XOR
2 1 1133 1138 1167 XOR
1 1 1028 1168 EQW
1 1 1033 1169 EQW
1 1 1038 1170 EQW
1 1 1049 1171 EQW
1 1 1054 1172 EQW
1 1 1059 1173 EQW
1 1 1070 1174 EQW
1 1 1083 1175 EQW
1 1 1090 1176 EQW
1 1 1101 1177 EQW
1 1 1106 1178 EQW
1 1 1111 1179 EQW
1 1 1122 1180 EQW
1 1 1127 1181 EQW
1 1 1132 1182 EQW
1 1 1143 1183 EQW
1 1 1160 1184 EQW
1 1 1167 1185 EQW
2 1 1185 1185 1186 AND
2 1 1185 1185 1187 AND
2 1 1185 1186 1188 XOR
2 1 1185 1185 1189 AND
2 1 1189 1186 1190 XOR
2 1 1185 1185 1191 AND
2 1 1185 1185 1192 AND
2 1 1185 1191 1193 XOR
2 1 1185 1185 1194 AND
2 1 1194 1191 1195 XOR
2 1 1185 1185 1196 AND
2 1 1185 1185 1197 AND
2 1 1197 1196 1198 XOR
2 1 1185 1185 1199 AND
2 1 1199 1196 1200 XOR
2 1 1188 1187 1201 XOR
2 1 1190 1185 1202 XOR
2 1 1193 1192 1203 XOR
2 1 1195 1200 1204 XOR
2 1 1201 1198 1205 XOR
2 1 1202 1200 1206 XOR
2 1 1203 1198 1207 XOR
2 1 1204 1185 1208 XOR
2 1 1207 1208 1209 XOR
2 1 1205 1206 1210 XOR
2 1 1185 1208 1211 AND
3 1 1185 1206 1209 1212 AND
4 1 1185 1205 1207 1209 1213 AND
4 1 1185 1206 1207 1209 1214 AND
2 1 1185 1209 1215 AND
3 1 1185 1205 1207 1216 AND
2 1 1187 1188 1217 XOR
2 1 1186 1189 1218 XOR
2 1 1185 1190 1219 XOR
2 1 1184 1191 1220 XOR
2 1 1183 1192 1221 XOR
4 1 1185 1206 1207 1209 1222 AND
2 1 1185 1209 1223 AND
3 1 1185 1205 1207 1224 AND
2 1 1195 1196 1225 XOR
2 1 1194 1197 1226 XOR
2 1 1185 1208 1227 AND
3 1 1185 1206 1209 1228 AND
4 1 1185 1205 1207 1209 1229 AND
2 1 1200 1201 1230 XOR
2 1 1199 1202 1231 XOR
2 1 1185 1206 1232 AND
3 1 1185 1208 1210 1233 AND
4 1 1185 1205 1207 1210 1234 AND
4 1 1185 1205 1208 1210 1235 AND
2 1 1185 1210 1236 AND
3 1 1185 1205 1207 1237 AND
2 1 1208 1209 1238 XOR
2 1 1207 1210 1239 XOR
2 1 1206 1211 1240 XOR
2 1 1205 1212 1241 XOR
2 1 1204 1213 1242 XOR
4 1 1185 1205 1208 1210 1243 AND
2 1 1185 1210 1244 AND
3 1 1185 1205 1207 1245 AND
2 1 1216 1217 1246 XOR
2 1 1215 1218 1247 XOR
2 1 1185 1206 1248 AND
3 1 1185 1208 1210 1249 AND
4 1 1185 1205 1207 1210 1250 AND
2 1 1221 1222 1251 XOR
2 1 1220 1223 1252 XOR
2 1 1185 1206 1253 AND
3 1 1185 1208 1210 1254 AND
4 1 1185 1205 1207 1210 1255 AND
2 1 1185 1208 1256 AND
3 1 1185 1206 1209 1257 AND
4 1 1185 1205 1207 1209 1258 AND
2 1 1229 1230 1259 XOR
2 1 1228 1231 1260 XOR
2 1 1227 1232 1261 XOR
2 1 1226 1233 1262 XOR
2 1 1225 1234 1263 XOR
2 1 1185 1206 1264 AND
3 1 1185 1208 1210 1265 AND
4 1 1185 1205 1207 1210 1266 AND
4 1 1185 1205 1208 1210 1267 AND
2 1 1185 1210 1268 AND
4 1 1185 1206 1207 1209 1269 AND
2 1 1185 1209 1270 AND
2 1 1241 1242 1271 XOR
2 1 1240 1243 1272 XOR
2 1 1239 1244 1273 XOR
2 1 1238 1245 1274 XOR
2 1 1237 1246 1275 XOR
2 1 1236 1247 1276 XOR
4 1 1185 1205 1208 1210 1277 AND
2 1 1185 1210 1278 AND
4 1 1185 1206 1207 1209 1279 AND
2 1 1185 1209 1280 AND
2 1 1251 1252 1281 XOR
2 1 1250 1253 1282 XOR
2 1 1249 1254 1283 XOR
2 1 1185 1208 1284 AND
3 1 1185 1206 1209 1285 AND
4 1 1185 1205 1207 1209 1286 AND
4 1 1185 1206 1207 1209 1287 AND
2 1 1185 1209 1288 AND
3 1 1185 1205 1207 1289 AND
2 1 1260 1261 1290 XOR
2 1 1259 1262 1291 XOR
2 1 1258 1263 1292 XOR
2 1 1257 1264 1293 XOR
2 1 1256 1265 1294 XOR
4 1 1185 1206 1207 1209 1295 AND
2 1 1185 1209 1296 AND
3 1 1185 1205 1207 1297 AND
2 1 1268 1269 1298 XOR
2 1 1267 1270 1299 XOR
2 1 1185 1208 1300 AND
3 1 1185 1206 1209 1301 AND
4 1 1185 1205 1207 1209 1302 AND
2 1 1273 1274 1303 XOR
2 1 1272 1275 1304 XOR
2 1 1185 1206 1305 AND
3 1 1185 1208 1210 1306 AND
4 1 1185 1205 1207 1210 1307 AND
4 1 1185 1205 1208 1210 1308 AND
2 1 1185 1210 1309 AND
3 1 1185 1205 1207 1310 AND
2 1 1281 1282 1311 XOR
2 1 1280 1283 1312 XOR
2 1 1279 1284 1313 XOR
2 1 1278 1285 1314 XOR
2 1 1277 1286 1315 XOR
4 1 1185 1205 1208 1210 1316 AND
2 1 1185 1210 1317 AND
3 1 1185 1205 1207 1318 AND
2 1 1289 1290 1319 XOR
2 1 1288 1291 1320 XOR
2 1 1185 1206 1321 AND
3 1 1185 1208 1210 1322 AND
4 1 1185 1205 1207 1210 1323 AND
2 1 1294 1295 1324 XOR
2 1 1293 1296 1325 XOR
2 1 1185 1206 1326 AND
3 1 1185 1208 1210 1327 AND
4 1 1185 1205 1207 1210 1328 AND
2 1 1185 1208 1329 AND
3 1 1185 1206 1209 1330 AND
4 1 1185 1205 1207 1209 1331 AND
2 1 1302 1303 1332 XOR
2 1 1301 1304 1333 XOR
2 1 1300 1305 1334 XOR
2 1 1299 1306 1335 XOR
2 1 1298 1307 1336 XOR
4 1 1185 1205 1208 1210 1337 AND
2 1 1185 1210 1338 AND
2 1 1185 1209 1339 AND
2 1 1185 1206 1340 AND
3 1 1185 1208 1210 1341 AND
4 1 1185 1205 1207 1210 1342 AND
2 1 1185 1208 1343 AND
3 1 1185 1206 1209 1344 AND
4 1 1185 1205 1207 1209 1345 AND
2 1 1316 1317 1346 XOR
2 1 1315 1318 1347 XOR
2 1 1314 1319 1348 XOR
2 1 1313 1320 1349 XOR
2 1 1312 1321 1350 XOR
2 1 1311 1322 1351 XOR
2 1 1310 1323 1352 XOR
2 1 1309 1324 1353 XOR
4 1 1185 1205 1208 1210 1354 AND
2 1 1185 1210 1355 AND
4 1 1185 1206 1207 1209 1356 AND
2 1 1185 1209 1357 AND
2 1 1328 1329 1358 XOR
2 1 1327 1330 1359 XOR
2 1 1326 1331 1360 XOR
1 1 1221 1361 EQW
1 1 1226 1362 EQW
1 1 1231 1363 EQW
1 1 1242 1364 EQW
1 1 1247 1365 EQW
1 1 1252 1366 EQW
1 1 1263 1367 EQW
1 1 1276 1368 EQW
1 1 1283 1369 EQW
1 1 1294 1370 EQW
1 1 1299 1371 EQW
1 1 1304 1372 EQW
1 1 1315 1373 EQW
1 1 1320 1374 EQW
1 1 1325 1375 EQW
1 1 1336 1376 EQW
1 1 1353 1377 EQW
1 1 1360 1378 EQW
2 1 1378 1378 1379 AND
2 1 1378 1378 1380 AND
2 1 1378 1379 1381 XOR
2 1 1378 1378 1382 AND
2 1 1382 1379 1383 XOR
2 1 1378 1378 1384 AND
2 1 1378 1378 1385 AND
2 1 1378 1384 1386 XOR
2 1 1378 1378 1387 AND
2 1 1387 1384 1388 XOR
2 1 1378 1378 1389 AND
2 1 1378 1378 1390 AND
2 1 1390 1389 1391 XOR
2 1 1378 1378 1392 AND
2 1 1392 1389 1393 XOR
2 1 1381 1380 1394 XOR
2 1 1383 1378 1395 XOR
2 1 1386 1385 1396 XOR
2 1 1388 1393 1397 XOR
2 1 1394 1391 1398 XOR
2 1 1395 1393 1399 XOR
2 1 1396 1391 1400 XOR
2 1 1397 1378 1401 XOR
2 1 1400 1401 1402 XOR
2 1 1398 1399 1403 XOR
2 1 1378 1401 1404 AND
3 1 1378 1399 1402 1405 AND
4 1 1378 1398 1400 1402 1406 AND
4 1 1378 1399 1400 1402 1407 AND
2 1 1378 1402 1408 AND
3 1 1378 1398 1400 1409 AND
2 1 1380 1381 1410 XOR
2 1 1379 1382 1411 XOR
2 1 1378 1383 1412 XOR
2 1 1377 1384 1413 XOR
2 1 1376 1385 1414 XOR
4 1 1378 1399 1400 1402 1415 AND
2 1 1378 1402 1416 AND
3 1 1378 1398 1400 1417 AND
2 1 1388 1389 1418 XOR
2 1 1387 1390 1419 XOR
2 1 1378 1401 1420 AND
3 1 1378 1399 1402 1421 AND
4 1 1378 1398 1400 1402 1422 AND
2 1 1393 1394 1423 XOR
2 1 1392 1395 1424 XOR
2 1 1378 1399 1425 AND
3 1 1378 1401 1403 1426 AND
4 1 1378 1398 1400 1403 1427 AND
4 1 1378 1398 1401 1403 1428 AND
2 1 1378 1403 1429 AND
3 1 1378 1398 1400 1430 AND
2 1 1401 1402 1431 XOR
2 1 1400 1403 1432 XOR
2 1 1399 1404 1433 XOR
2 1 1398 1405 1434 XOR
2 1 1397 1406 1435 XOR
4 1 1378 1398 1401 1403 1436 AND
2 1 1378 1403 1437 AND
3 1 1378 1398 1400 1438 AND
2 1 1409 1410 1439 XOR
2 1 1408 1411 1440 XOR
2 1 1378 1399 1441 AND
3 1 1378 1401 1403 1442 AND
4 1 1378 1398 1400 1403 1443 AND
2 1 1414 1415 1444 XOR
2 1 1413 1416 1445 XOR
2 1 1378 1399 1446 AND
3 1 1378 1401 1403 1447 AND
4 1 1378 1398 1400 1403 1448 AND
2 1 1378 1401 1449 AND
3 1 1378 1399 1402 1450 AND
4 1 1378 1398 1400 1402 1451 AND
2 1 1422 1423 1452 XOR
2 1 1421 1424 1453 XOR
2 1 1420 1425 1454 XOR
2 1 1419 1426 1455 XOR
2 1 1418 1427 1456 XOR
2 1 1378 1399 1457 AND
3 1 1378 1401 1403 1458 AND
4 1 1378 1398 1400 1403 1459 AND
4 1 1378 1398 1401 1403 1460 AND
2 1 1378 1403 1461 AND
4 1 1378 1399 1400 1402 1462 AND
2 1 1378 1402 1463 AND
2 1 1434 1435 1464 XOR
2 1 1433 1436 1465 XOR
2 1 1432 1437 1466 XOR
2 1 1431 1438 1467 XOR
2 1 1430 1439 1468 XOR
2 1 1429 1440 1469 XOR
4 1 1378 1398 1401 1403 1470 AND
2 1 1378 1403 1471 AND
4 1 1378 1399 1400 1402 1472 AND
2 1 1378 1402 1473 AND
2 1 1444 1445 1474 XOR
2 1 1443 1446 1475 XOR
2 1 1442 1447 1476 XOR
2 1 1378 1401 1477 AND
3 1 1378 1399 1402 1478 AND
4 1 1378 1398 1400 1402 1479 AND
4 1 1378 1399 1400 1402 1480 AND
2 1 1378 1402 1481 AND
3 1 1378 1398 1400 1482 AND
2 1 1453 1454 1483 XOR
2 1 1452 1455 1484 XOR
2 1 1451 1456 1485 XOR
2 1 1450 1457 1486 XOR
2 1 1449 1458 1487 XOR
4 1 1378 1399 1400 1402 1488 AND
2 1 1378 1402 1489 AND
3 1 1378 1398 1400 1490 AND
2 1 1461 1462 1491 XOR
2 1 1460 1463 1492 XOR
2 1 1378 1401 1493 AND
3 1 1378 1399 1402 1494 AND
4 1 1378 1398 1400 1402 1495 AND
2 1 1466 1467 1496 XOR
2 1 1465 1468 1497 XOR
2 1 1378 1399 1498 AND
3 1 1378 1401 1403 1499 AND
4 1 1378 1398 1400 1403 1500 AND
4 1 1378 1398 1401 1403 1501 AND
2 1 1378 1403 1502 AND
3 1 1378 1398 1400 1503 AND
2 1 1474 1475 1504 XOR
2 1 1473 1476 1505 XOR
2 1 1472 1477 1506 XOR
2 1 1471 1478 1507 XOR
2 1 1470 1479 1508 XOR
4 1 1378 1398 1401 1403 1509 AND
2 1 1378 1403 1510 AND
3 1 1378 1398 1400 1511 AND
2 1 1482 1483 1512 XOR
2 1 1481 1484 1513 XOR
2 1 1378 1399 1514 AND
3 1 1378 1401 1403 1515 AND
4 1 1378 1398 1400 1403 1516 AND
2 1 1487 1488 1517 XOR
2 1 1486 1489 1518 XOR
2 1 1378 1399 1519 AND
3 1 1378 1401 1403 1520 AND
4 1 1378 1398 1400 1403 1521 AND
2 1 1378 1401 1522 AND
3 1 1378 1399 1402 1523 AND
4 1 1378 1398 1400 1402 1524 AND
2 1 1495 1496 1525 XOR
2 1 1494 1497 1526 XOR
2 1 1493 1498 1527 XOR
2 1 1492 1499 1528 XOR
2 1 1491 1500 1529 XOR
4 1 1378 1398 1401 1403 1530 AND
2 1 1378 1403 1531 AND
2 1 1378 1402 1532 AND
2 1 1378 1399 1533 AND
3 1 1378 1401 1403 1534 AND
4 1 1378 1398 1400 1403 1535 AND
2 1 1378 1401 1536 AND
3 1 1378 1399 1402 1537 AND
4 1 1378 1398 1400 1402 1538 AND
2 1 1509 1510 1539 XOR
2 1 1508 1511 1540 XOR
2 1 1507 1512 1541 XOR
2 1 1506 1513 1542 XOR
2 1 1505 1514 1543 XOR
2 1 1504 1515 1544 XOR
2 1 1503 1516 1545 XOR
2 1 1502 1517 1546 XOR
4 1 1378 1398 1401 1403 1547 AND
2 1 1378 1403 1548 AND
4 1 1378 1399 1400 1402 1549 AND
2 1 1378 1402 1550 AND
2 1 1521 1522 1551 XOR
2 1 1520 1523 1552 XOR
2 1 1519 1524 1553 XOR
1 1 1414 1554 EQW
1 1 1419 1555 EQW
1 1 1424 1556 EQW
1 1 1435 1557 EQW
1 1 1440 1558 EQW
1 1 1445 1559 EQW
1 1 1456 1560 EQW
1 1 1469 1561 EQW
1 1 1476 1562 EQW
1 1 1487 1563 EQW
1 1 1492 1564 EQW
1 1 1497 1565 EQW
1 1 1508 1566 EQW
1 1 1513 1567 EQW
1 1 1518 1568 EQW
1 1 1529 1569 EQW
1 1 1546 1570 EQW
1 1 1553 1571 EQW
2 1 1571 1571 1572 AND
2 1 1571 1571 1573 AND
2 1 1571 1572 1574 XOR
2 1 1571 1571 1575 AND
2 1 1575 1572 1576 XOR
2 1 1571 1571 1577 AND
2 1 1571 1571 1578 AND
2 1 1571 1577 1579 XOR
2 1 1571 1571 1580 AND
2 1 1580 1577 1581 XOR
2 1 1571 1571 1582 AND
2 1 1571 1571 1583 AND
2 1 1583 1582 1584 XOR
2 1 1571 1571 1585 AND
2 1 1585 1582 1586 XOR
2 1 1574 1573 1587 XOR
2 1 1576 1571 1588 XOR
2 1 1579 1578 1589 XOR
2 1 1581 1586 1590 XOR
2 1 1587 1584 1591 XOR
2 1 1588 1586 1592 XOR
2 1 1589 1584 1593 XOR
2 1 1590 1571 1594 XOR
2 1 1593 1594 1595 XOR
2 1 1591 1592 1596 XOR
2 1 1571 1594 1597 AND
3 1 1571 1592 1595 1598 AND
4 1 1571 1591 1593 1595 1599 AND
4 1 1571 1592 1593 1595 1600 AND
2 1 1571 1595 1601 AND
3 1 1571 1591 1593 1602 AND
2 1 1573 1574 1603 XOR
2 1 1572 1575 1604 XOR
2 1 1571 1576 1605 XOR
2 1 1570 1577 1606 XOR
2 1 1569 1578 1607 XOR
4 1 1571 1592 1593 1595 1608 AND
2 1 1571 1595 1609 AND
3 1 1571 1591 1593 1610 AND
2 1 1581 1582 1611 XOR
2 1 1580 1583 1612 XOR
2 1 1571 1594 1613 AND
3 1 1571 1592 1595 1614 AND
4 1 1571 1591 1593 1595 1615 AND
2 1 1586 1587 1616 XOR
2 1 1585 1588 1617 XOR
2 1 1571 1592 1618 AND
3 1 1571 1594 1596 1619 AND
4 1 1571 1591 1593 1596 1620 AND
4 1 1571 1591 1594 1596 1621 AND
2 1 1571 1596 1622 AND
3 1 1571 1591 1593 1623 AND
2 1 1594 1595 1624 XOR
2 1 1593 1596 1625 XOR
2 1 1592 1597 1626 XOR
2 1 1591 1598 1627 XOR
2 1 1590 1599 1628 XOR
4 1 1571 1591 1594 1596 1629 AND
2 1 1571 1596 1630 AND
3 1 1571 1591 1593 1631 AND
2 1 1602 1603 1632 XOR
2 1 1601 1604 1633 XOR
2 1 1571 1592 1634 AND
3 1 1571 1594 1596 1635 AND
4 1 1571 1591 1593 1596 1636 AND
2 1 1607 1608 1637 XOR
2 1 1606 1609 1638 XOR
2 1 1571 1592 1639 AND
3 1 1571 1594 1596 1640 AND
4 1 1571 1591 1593 1596 1641 AND
2 1 1571 1594 1642 AND
3 1 1571 1592 1595 1643 AND
4 1 1571 1591 1593 1595 1644 AND
2 1 1615 1616 1645 XOR
2 1 1614 1617 1646 XOR
2 1 1613 1618 1647 XOR
2 1 1612 1619 1648 XOR
2 1 1611 1620 1649 XOR
2 1 1571 1592 1650 AND
3 1 1571 1594 1596 1651 AND
4 1 1571 1591 1593 1596 1652 AND
4 1 1571 1591 1594 1596 1653 AND
2 1 1571 1596 1654 AND
4 1 1571 1592 1593 1595 1655 AND
2 1 1571 1595 1656 AND
2 1 1627 1628 1657 XOR
2 1 1626 1629 1658 XOR
2 1 1625 1630 1659 XOR
2 1 1624 1631 1660 XOR
2 1 1623 1632 1661 XOR
2 1 1622 1633 1662 XOR
4 1 1571 1591 1594 1596 1663 AND
2 1 1571 1596 1664 AND
4 1 1571 1592 1593 1595 1665 AND
2 1 1571 1595 1666 AND
2 1 1637 1638 1667 XOR
2 1 1636 1639 1668 XOR
2 1 1635 1640 1669 XOR
2 1 1571 1594 1670 AND
3 1 1571 1592 1595 1671 AND
4 1 1571 1591 1593 1595 1672 AND
4 1 1571 1592 1593 1595 1673 AND
2 1 1571 1595 1674 AND
3 1 1571 1591 1593 1675 AND
2 1 1646 1647 1676 XOR
2 1 1645 1648 1677 XOR
2 1 1644 1649 1678 XOR
2 1 1643 1650 1679 XOR
2 1 1642 1651 1680 XOR
4 1 1571 1592 1593 1595 1681 AND
2 1 1571 1595 1682 AND
3 1 1571 1591 1593 1683 AND
2 1 1654 1655 1684 XOR
2 1 1653 1656 1685 XOR
2 1 1571 1594 1686 AND
3 1 1571 1592 1595 1687 AND
4 1 1571 1591 1593 1595 1688 AND
2 1 1659 1660 1689 XOR
2 1 1658 1661 1690 XOR
2 1 1571 1592 1691 AND
3 1 1571 1594 1596 1692 AND
4 1 1571 1591 1593 1596 1693 AND
4 1 1571 1591 1594 1596 1694 AND
2 1 1571 1596 1695 AND
3 1 1571 1591 1593 1696 AND
2 1 1667 1668 1697 XOR
2 1 1666 1669 1698 XOR
2 1 1665 1670 1699 XOR
2 1 1664 1671 1700 XOR
2 1 1663 1672 1701 XOR
4 1 1571 1591 1594 1596 1702 AND
2 1 1571 1596 1703 AND
3 1 1571 1591 1593 1704 AND
2 1 1675 1676 1705 XOR
2 1 1674 1677 1706 XOR
2 1 1571 1592 1707 AND
3 1 1571 1594 1596 1708 AND
4 1 1571 1591 1593 1596 1709 AND
2 1 1680 1681 1710 XOR
2 1 1679 1682 1711 XOR
2 1 1571 1592 1712 AND
3 1 1571 1594 1596 1713 AND
4 1 1571 1591 1593 1596 1714 AND
2 1 1571 1594 1715 AND
3 1 1571 1592 1595 1716 AND
4 1 1571 1591 1593 1595 1717 AND
2 1 1688 1689 1718 XOR
2 1 1687 1690 1719 XOR
2 1 1686 1691 1720 XOR
2 1 1685 1692 1721 XOR
2 1 1684 1693 1722 XOR
4 1 1571 1591 1594 1596 1723 AND
2 1 1571 1596 1724 AND
2 1 1571 1595 1725 AND
2 1 1571 1592 1726 AND
3 1 1571 1594 1596 1727 AND
4 1 1571 1591 1593 1596 1728 AND
2 1 1571 1594 1729 AND
3 1 1571 1592 1595 1730 AND
4 1 1571 1591 1593 1595 1731 AND
2 1 1702 1703 1732 XOR
2 1 1701 1704 1733 XOR
2 1 1700 1705 1734 XOR
2 1 1699 1706 1735 XOR
2 1 1698 1707 1736 XOR
2 1 1697 1708 1737 XOR
2 1 1696 1709 1738 XOR
2 1 1695 1710 1739 XOR
4 1 1571 1591 1594 1596 1740 AND
2 1 1571 1596 1741 AND
4 1 1571 1592 1593 1595 1742 AND
2 1 1571 1595 1743 AND
2 1 1714 1715 1744 XOR
2 1 1713 1716 1745 XOR
2 1 1712 1717 1746 XOR
1 1 1607 1747 EQW
1 1 1612 1748 EQW
1 1 1617 1749 EQW
1 1 1628 1750 EQW
1 1 1633 1751 EQW
1 1 1638 1752 EQW
1 1 1649 1753 EQW
1 1 1662 1754 EQW
1 1 1669 1755 EQW
1 1 1680 1756 EQW
1 1 1685 1757 EQW
1 1 1690 1758 EQW
1 1 1701 1759 EQW
1 1 1706 1760 EQW
1 1 1711 1761 EQW
1 1 1722 1762 EQW
1 1 1739 1763 EQW
1 1 1746 1764 EQW
2 1 1764 1764 1765 AND
2 1 1764 1764 1766 AND
2 1 1764 1765 1767 XOR
2 1 1764 1764 1768 AND
2 1 1768 1765 1769 XOR
2 1 1764 1764 1770 AND
2 1 1764 1764 1771 AND
2 1 1764 1770 1772 XOR
2 1 1764 1764 1773 AND
2 1 1773 1770 1774 XOR
2 1 1764 1764 1775 AND
2 1 1764 1764 1776 AND
2 1 1776 1775 1777 XOR
2 1 1764 1764 1778 AND
2 1 1778 1775 1779 XOR
2 1 1767 1766 1780 XOR
2 1 1769 1764 1781 XOR
2 1 1772 1771 1782 XOR
2 1 1774 1779 1783 XOR
2 1 1780 1777 1784 XOR
2 1 1781 1779 1785 XOR
2 1 1782 1777 1786 XOR
2 1 1783 1764 1787 XOR
2 1 1786 1787 1788 XOR
2 1 1784 1785 1789 XOR
2 1 1764 1787 1790 AND
3 1 1764 1785 1788 1791 AND
4 1 1764 1784 1786 1788 1792 AND
4 1 1764 1785 1786 1788 1793 AND
2 1 1764 1788 1794 AND
3 1 1764 1784 1786 1795 AND
2 1 1766 1767 1796 XOR
2 1 1765 1768 1797 XOR
2 1 1764 1769 1798 XOR
2 1 1763 1770 1799 XOR
2 1 1762 1771 1800 XOR
4 1 1764 1785 1786 1788 1801 AND
2 1 1764 1788 1802 AND
3 1 1764 1784 1786 1803 AND
2 1 1774 1775 1804 XOR
2 1 1773 1776 1805 XOR
2 1 1764 1787 1806 AND
3 1 1764 1785 1788 1807 AND
4 1 1764 1784 1786 1788 1808 AND
2 1 1779 1780 1809 XOR
2 1 1778 1781 1810 XOR
2 1 1764 1785 1811 AND
3 1 1764 1787 1789 1812 AND
4 1 1764 1784 1786 1789 1813 AND
4 1 1764 1784 1787 1789 1814 AND
2 1 1764 1789 1815 AND
3 1 1764 1784 1786 1816 AND
2 1 1787 1788 1817 XOR
2 1 1786 1789 1818 XOR
2 1 1785 1790 1819 XOR
2 1 1784 1791 1820 XOR
2 1 1783 1792 1821 XOR
4 1 1764 1784 1787 1789 1822 AND
2 1 1764 1789 1823 AND
3 1 1764 1784 1786 1824 AND
2 1 1795 1796 1825 XOR
2 1 1794 1797 1826 XOR
2 1 1764 1785 1827 AND
3 1 1764 1787 1789 1828 AND
4 1 1764 1784 1786 1789 1829 AND
2 1 1800 1801 1830 XOR
2 1 1799 1802 1831 XOR
2 1 1764 1785 1832 AND
3 1 1764 1787 1789 1833 AND
4 1 1764 1784 1786 1789 1834 AND
2 1 1764 1787 1835 AND
3 1 1764 1785 1788 1836 AND
4 1 1764 1784 1786 1788 1837 AND
2 1 1808 1809 1838 XOR
2 1 1807 1810 1839 XOR
2 1 1806 1811 1840 XOR
2 1 1805 1812 1841 XOR
2 1 1804 1813 1842 XOR
2 1 1764 1785 1843 AND
3 1 1764 1787 1789 1844 AND
4 1 1764 1784 1786 1789 1845 AND
4 1 1764 1784 1787 1789 1846 AND
2 1 1764 1789 1847 AND
4 1 1764 1785 1786 1788 1848 AND
2 1 1764 1788 1849 AND
2 1 1820 1821 1850 XOR
2 1 1819 1822 1851 XOR
2 1 1818 1823 1852 XOR
2 1 1817 1824 1853 XOR
2 1 1816 1825 1854 XOR
2 1 1815 1826 1855 XOR
4 1 1764 1784 1787 1789 1856 AND
2 1 1764 1789 1857 AND
4 1 1764 1785 1786 1788 1858 AND
2 1 1764 1788 1859 AND
2 1 1830 1831 1860 XOR
2 1 1829 1832 1861 XOR
2 1 1828 1833 1862 XOR
2 1 1764 1787 1863 AND
3 1 1764 1785 1788 1864 AND
4 1 1764 1784 1786 1788 1865 AND
4 1 1764 1785 1786 1788 1866 AND
2 1 1764 1788 1867 AND
3 1 1764 1784 1786 1868 AND
2 1 1839 1840 1869 XOR
2 1 1838 1841 1870 XOR
2 1 1837 1842 1871 XOR
2 1 1836 1843 1872 XOR
2 1 1835 1844 1873 XOR
4 1 1764 1785 1786 1788 1874 AND
2 1 1764 1788 1875 AND
3 1 1764 1784 1786 1876 AND
2 1 1847 1848 1877 XOR
2 1 1846 1849 1878 XOR
2 1 1764 1787 1879 AND
3 1 1764 1785 1788 1880 AND
4 1 1764 1784 1786 1788 1881 AND
2 1 1852 1853 1882 XOR
2 1 1851 1854 1883 XOR
2 1 1764 1785 1884 AND
3 1 1764 1787 1789 1885 AND
4 1 1764 1784 1786 1789 1886 AND
4 1 1764 1784 1787 1789 1887 AND
2 1 1764 1789 1888 AND
3 1 1764 1784 1786 1889 AND
2 1 1860 1861 1890 XOR
2 1 1859 1862 1891 XOR
2 1 1858 1863 1892 XOR
2 1 1857 1864 1893 XOR
2 1 1856 1865 1894 XOR
4 1 1764 1784 1787 1789 1895 AND
2 1 1764 1789 1896 AND
3 1 1764 1784 1786 1897 AND
2 1 1868 1869 1898 XOR
2 1 1867 1870 1899 XOR
2 1 1764 1785 1900 AND
3 1 1764 1787 1789 1901 AND
4 1 1764 1784 1786 1789 1902 AND
2 1 1873 1874 1903 XOR
2 1 1872 1875 1904 XOR
2 1 1764 1785 1905 AND
3 1 1764 1787 1789 1906 AND
4 1 1764 1784 1786 1789 1907 AND
2 1 1764 1787 1908 AND
3 1 1764 1785 1788 1909 AND
4 1 1764 1784 1786 1788 1910 AND
2 1 1881 1882 1911 XOR
2 1 1880 1883 1912 XOR
2 1 1879 1884 1913 XOR
2 1 1878 1885 1914 XOR
2 1 1877 1886 1915 XOR
4 1 1764 1784 1787 1789 1916 AND
2 1 1764 1789 1917 AND
2 1 1764 1788 1918 AND
2 1 1764 1785 1919 AND
3 1 1764 1787 1789 1920 AND
4 1 1764 1784 1786 1789 1921 AND
2 1 1764 1787 1922 AND
3 1 1764 1785 1788 1923 AND
4 1 1764 1784 1786 1788 1924 AND
2 1 1895 1896 1925 XOR
2 1 1894 1897 1926 XOR
2 1 1893 1898 1927 XOR
2 1 1892 1899 1928 XOR
2 1 1891 1900 1929 XOR
2 1 1890 1901 1930 XOR
2 1 1889 1902 1931 XOR
2 1 1888 1903 1932 XOR
4 1 1764 1784 1787 1789 1933 AND
2 1 1764 1789 1934 AND
4 1 1764 1785 1786 1788 1935 AND
2 1 1764 1788 1936 AND
2 1 1907 1908 1937 XOR
2 1 1906 1909 1938 XOR
2 1 1905 1910 1939 XOR
1 1 1800 1940 EQW
1 1 1805 1941 EQW
1 1 1810 1942 EQW
1 1 1821 1943 EQW
1 1 1826 1944 EQW
1 1 1831 1945 EQW
1 1 1842 1946 EQW
1 1 1855 1947 EQW
1 1 1862 1948 EQW
1 1 1873 1949 EQW
1 1 1878 1950 EQW
1 1 1883 1951 EQW
1 1 1894 1952 EQW
1 1 1899 1953 EQW
1 1 1904 1954 EQW
1 1 1915 1955 EQW
1 1 1932 1956 EQW
1 1 1939 1957 EQW
2 1 1957 1957 1958 AND
2 1 1957 1957 1959 AND
2 1 1957 1958 1960 XOR
2 1 1957 1957 1961 AND
2 1 1961 1958 1962 XOR
2 1 1957 1957 1963 AND
2 1 1957 1957 1964 AND
2 1 1957 1963 1965 XOR
2 1 1957 1957 1966 AND
2 1 1966 1963 1967 XOR
2 1 1957 1957 1968 AND
2 1 1957 1957 1969 AND
2 1 1969 1968 1970 XOR
2 1 1957 1957 1971 AND
2 1 1971 1968 1972 XOR
2 1 1960 1959 1973 XOR
2 1 1962 1957 1974 XOR
2 1 1965 1964 1975 XOR
2 1 1967 1972 1976 XOR
2 1 1973 1970 1977 XOR
2 1 1974 1972 1978 XOR
2 1 1975 1970 1979 XOR
2 1 1976 1957 1980 XOR
2 1 1979 1980 1981 XOR
2 1 1977 1978 1982 XOR
2 1 1957 1980 1983 AND
3 1 1957 1978 1981 1984 AND
4 1 1957 1977 1979 1981 1985 AND
4 1 1957 1978 1979 1981 1986 AND
2 1 1957 1981 1987 AND
3 1 1957 1977 1979 1988 AND
2 1 1959 1960 1989 XOR
2 1 1958 1961 1990 XOR
2 1 1957 1962 1991 XOR
2 1 1956 1963 1992 XOR
2 1 1955 1964 1993 XOR
4 1 1957 1978 1979 1981 1994 AND
2 1 1957 1981 1995 AND
3 1 1957 1977 1979 1996 AND
2 1 1967 1968 1997 XOR
2 1 1966 1969 1998 XOR
2 1 1957 1980 1999 AND
3 1 1957 1978 1981 2000 AND
4 1 1957 1977 1979 1981 2001 AND
2 1 1972 1973 2002 XOR
2 1 1971 1974 2003 XOR
2 1 1957 1978 2004 AND
3 1 1957 1980 1982 2005 AND
4 1 1957 1977 1979 1982 2006 AND
4 1 1957 1977 1980 1982 2007 AND
2 1 1957 1982 2008 AND
3 1 1957 1977 1979 2009 AND
2 1 1980 1981 2010 XOR
2 1 1979 1982 2011 XOR
2 1 1978 1983 2012 XOR
2 1 1977 1984 2013 XOR
2 1 1976 1985 2014 XOR
4 1 1957 1977 1980 1982 2015 AND
2 1 1957 1982 2016 AND
3 1 1957 1977 1979 2017 AND
2 1 1988 1989 2018 XOR
2 1 1987 1990 2019 XOR
2 1 1957 1978 2020 AND
3 1 1957 1980 1982 2021 AND
4 1 1957 1977 1979 1982 2022 AND
2 1 1993 1994 2023 XOR
2 1 1992 1995 2024 XOR
2 1 1957 1978 2025 AND
3 1 1957 1980 1982 2026 AND
4 1 1957 1977 1979 1982 2027 AND
2 1 1957 1980 2028 AND
3 1 1957 1978 1981 2029 AND
4 1 1957 1977 1979 1981 2030 AND
2 1 2001 2002 2031 XOR
2 1 2000 2003 2032 XOR
2 1 1999 2004 2033 XOR
2 1 1998 2005 2034 XOR
2 1 1997 2006 2035 XOR
2 1 1957 1978 2036 AND
3 1 1957 1980 1982 2037 AND
4 1 1957 1977 1979 1982 2038 AND
4 1 1957 1977 1980 1982 2039 AND
2 1 1957 1982 2040 AND
4 1 1957 1978 1979 1981 2041 AND
2 1 1957 1981 2042 AND
2 1 2013 2014 2043 XOR
2 1 2012 2015 2044 XOR
2 1 2011 2016 2045 XOR
2 1 2010 2017 2046 XOR
2 1 2009 2018 2047 XOR
2 1 2008 2019 2048 XOR
4 1 1957 1977 1980 1982 2049 AND
2 1 1957 1982 2050 AND
4 1 1957 1978 1979 1981 2051 AND
2 1 1957 1981 2052 AND
2 1 2023 2024 2053 XOR
2 1 2022 2025 2054 XOR
2 1 2021 2026 2055 XOR
2 1 1957 1980 2056 AND
3 1 1957 1978 1981 2057 AND
4 1 1957 1977 1979 1981 2058 AND
4 1 1957 1978 1979 1981 2059 AND
2 1 1957 1981 2060 AND
3 1 1957 1977 1979 2061 AND
2 1 2032 2033 2062 XOR
2 1 2031 2034 2063 XOR
2 1 2030 2035 2064 XOR
2 1 2029 2036 2065 XOR
2 1 2028 2037 2066 XOR
4 1 1957 1978 1979 1981 2067 AND
2 1 1957 1981 2068 AND
3 1 1957 1977 1979 2069 AND
2 1 2040 2041 2070 XOR
2 1 2039 2042 2071 XOR
2 1 1957 1980 2072 AND
3 1 1957 1978 1981 2073 AND
4 1 1957 1977 1979 1981 2074 AND
2 1 2045 2046 2075 XOR
2 1 2044 2047 2076 XOR
2 1 1957 1978 2077 AND
3 1 1957 1980 1982 2078 AND
4 1 1957 1977 1979 1982 2079 AND
4 1 1957 1977 1980 1982 2080 AND
2 1 1957 1982 2081 AND
3 1 1957 1977 1979 2082 AND
2 1 2053 2054 2083 XOR
2 1 2052 2055 2084 XOR
2 1 2051 2056 2085 XOR
2 1 2050 2057 2086 XOR
2 1 2049 2058 2087 XOR
4 1 1957 1977 1980 1982 2088 AND
2 1 1957 1982 2089 AND
3 1 1957 1977 1979 2090 AND
2 1 2061 2062 2091 XOR
2 1 2060 2063 2092 XOR
2 1 1957 1978 2093 AND
3 1 1957 1980 1982 2094 AND
4 1 1957 1977 1979 1982 2095 AND
2 1 2066 2067 2096 XOR
2 1 2065 2068 2097 XOR
2 1 1957 1978 2098 AND
3 1 1957 1980 1982 2099 AND
4 1 1957 1977 1979 1982 2100 AND
2 1 1957 1980 2101 AND
3 1 1957 1978 1981 2102 AND
4 1 1957 1977 1979 1981 2103 AND
2 1 2074 2075 2104 XOR
2 1 2073 2076 2105 XOR
2 1 2072 2077 2106 XOR
2 1 2071 2078 2107 XOR
2 1 2070 2079 2108 XOR
4 1 1957 1977 1980 1982 2109 AND
2 1 1957 1982 2110 AND
2 1 1957 1981 2111 AND
2 1 1957 1978 2112 AND
3 1 1957 1980 1982 2113 AND
4 1 1957 1977 1979 1982 2114 AND
2 1 1957 1980 2115 AND
3 1 1957 1978 1981 2116 AND
4 1 1957 1977 1979 1981 2117 AND
2 1 2088 2089 2118 XOR
2 1 2087 2090 2119 XOR
2 1 2086 2091 2120 XOR
2 1 2085 2092 2121 XOR
2 1 2084 2093 2122 XOR
2 1 2083 2094 2123 XOR
2 1 2082 2095 2124 XOR
2 1 2081 2096 2125 XOR
4 1 1957 1977 1980 1982 2126 AND
2 1 1957 1982 2127 AND
4 1 1957 1978 1979 1981 2128 AND
2 1 1957 1981 2129 AND
2 1 2100 2101 2130 XOR
2 1 2099 2102 2131 XOR
2 1 2098 2103 2132 XOR
1 1 1993 2133 EQW
1 1 1998 2134 EQW
1 1 2003 2135 EQW
1 1 2014 2136 EQW
1 1 2019 2137 EQW
1 1 2024 2138 EQW
1 1 2035 2139 EQW
1 1 2048 2140 EQW
1 1 2055 2141 EQW
1 1 2066 2142 EQW
1 1 2071 2143 EQW
1 1 2076 2144 EQW
1 1 2087 2145 EQW
1 1 2092 2146 EQW
1 1 2097 2147 EQW
1 1 2108 2148 EQW
1 1 2125 2149 EQW
1 1 2132 2150 EQW
2 1 2150 2150 2151 AND
2 1 2150 2150 2152 AND
2 1 2150 2151 2153 XOR
2 1 2150 2150 2154 AND
2 1 2154 2151 2155 XOR
2 1 2150 2150 2156 AND
2 1 2150 2150 2157 AND
2 1 2150 2156 2158 XOR
2 1 2150 2150 2159 AND
2 1 2159 2156 2160 XOR
2 1 2150 2150 2161 AND
2 1 2150 2150 2162 AND
2 1 2162 2161 2163 XOR
2 1 2150 2150 2164 AND
2 1 2164 2161 2165 XOR
2 1 2153 2152 2166 XOR
2 1 2155 2150 2167 XOR
2 1 2158 2157 2168 XOR
2 1 2160 2165 2169 XOR
2 1 2166 2163 2170 XOR
2 1 2167 2165 2171 XOR
2 1 2168 2163 2172 XOR
2 1 2169 2150 2173 XOR
2 1 2172 2173 2174 XOR
2 1 2170 2171 2175 XOR
2 1 2150 2173 2176 AND
3 1 2150 2171 2174 2177 AND
4 1 2150 2170 2172 2174 2178 AND
4 1 2150 2171 2172 2174 2179 AND
2 1 2150 2174 2180 AND
3 1 2150 2170 2172 2181 AND
2 1 2152 2153 2182 XOR
2 1 2151 2154 2183 XOR
2 1 2150 2155 2184 XOR
2 1 2149 2156 2185 XOR
2 1 2148 2157 2186 XOR
4 1 2150 2171 2172 2174 2187 AND
2 1 2150 2174 2188 AND
3 1 2150 2170 2172 2189 AND
2 1 2160 2161 2190 XOR
2 1 2159 2162 2191 XOR
2 1 2150 2173 2192 AND
3 1 2150 2171 2174 2193 AND
4 1 2150 2170 2172 2174 2194 AND
2 1 2165 2166 2195 XOR
2 1 2164 2167 2196 XOR
2 1 2150 2171 2197 AND
3 1 2150 2173 2175 2198 AND
4 1 2150 2170 2172 2175 2199 AND
4 1 2150 2170 2173 2175 2200 AND
2 1 2150 2175 2201 AND
3 1 2150 2170 2172 2202 AND
2 1 2173 2174 2203 XOR
2 1 2172 2175 2204 XOR
2 1 2171 2176 2205 XOR
2 1 2170 2177 2206 XOR
2 1 2169 2178 2207 XOR
4 1 2150 2170 2173 2175 2208 AND
2 1 2150 2175 2209 AND
3 1 2150 2170 2172 2210 AND
2 1 2181 2182 2211 XOR
2 1 2180 2183 2212 XOR
2 1 2150 2171 2213 AND
3 1 2150 2173 2175 2214 AND
4 1 2150 2170 2172 2175 2215 AND
2 1 2186 2187 2216 XOR
2 1 2185 2188 2217 XOR
2 1 2150 2171 2218 AND
3 1 2150 2173 2175 2219 AND
4 1 2150 2170 2172 2175 2220 AND
2 1 2150 2173 2221 AND
3 1 2150 2171 2174 2222 AND
4 1 2150 2170 2172 2174 2223 AND
2 1 2194 2195 2224 XOR
2 1 2193 2196 2225 XOR
2 1 2192 2197 2226 XOR
2 1 2191 2198 2227 XOR
2 1 2190 2199 2228 XOR
2 1 2150 2171 2229 AND
3 1 2150 2173 2175 2230 AND
4 1 2150 2170 2172 2175 2231 AND
4 1 2150 2170 2173 2175 2232 AND
2 1 2150 2175 2233 AND
4 1 2150 2171 2172 2174 2234 AND
2 1 2150 2174 2235 AND
2 1 2206 2207 2236 XOR
2 1 2205 2208 2237 XOR
2 1 2204 2209 2238 XOR
2 1 2203 2210 2239 XOR
2 1 2202 2211 2240 XOR
2 1 2201 2212 2241 XOR
4 1 2150 2170 2173 2175 2242 AND
2 1 2150 2175 2243 AND
4 1 2150 2171 2172 2174 2244 AND
2 1 2150 2174 2245 AND
2 1 2216 2217 2246 XOR
2 1 2215 2218 2247 XOR
2 1 2214 2219 2248 XOR
2 1 2150 2173 2249 AND
3 1 2150 2171 2174 2250 AND
4 1 2150 2170 2172 2174 2251 AND
4 1 2150 2171 2172 2174 2252 AND
2 1 2150 2174 2253 AND
3 1 2150 2170 2172 2254 AND
2 1 2225 2226 2255 XOR
2 1 2224 2227 2256 XOR
2 1 2223 2228 2257 XOR
2 1 2222 2229 2258 XOR
2 1 2221 2230 2259 XOR
4 1 2150 2171 2172 2174 2260 AND
2 1 2150 2174 2261 AND
3 1 2150 2170 2172 2262 AND
2 1 2233 2234 2263 XOR
2 1 2232 2235 2264 XOR
2 1 2150 2173 2265 AND
3 1 2150 2171 2174 2266 AND
4 1 2150 2170 2172 2174 2267 AND
2 1 2238 2239 2268 XOR
2 1 2237 2240 2269 XOR
2 1 2150 2171 2270 AND
3 1 2150 2173 2175 2271 AND
4 1 2150 2170 2172 2175 2272 AND
4 1 2150 2170 2173 2175 2273 AND
2 1 2150 2175 2274 AND
3 1 2150 2170 2172 2275 AND
2 1 2246 2247 2276 XOR
2 1 2245 2248 2277 XOR
2 1 2244 2249 2278 XOR
2 1 2243 2250 2279 XOR
2 1 2242 2251 2280 XOR
4 1 2150 2170 2173 2175 2281 AND
2 1 2150 2175 2282 AND
3 1 2150 2170 2172 2283 AND
2 1 2254 2255 2284 XOR
2 1 2253 2256 2285 XOR
2 1 2150 2171 2286 AND
3 1 2150 2173 2175 2287 AND
4 1 2150 2170 2172 2175 2288 AND
2 1 2259 2260 2289 XOR
2 1 2258 2261 2290 XOR
2 1 2150 2171 2291 AND
3 1 2150 2173 2175 2292 AND
4 1 2150 2170 2172 2175 2293 AND
2 1 2150 2173 2294 AND
3 1 2150 2171 2174 2295 AND
4 1 2150 2170 2172 2174 2296 AND
2 1 2267 2268 2297 XOR
2 1 2266 2269 2298 XOR
2 1 2265 2270 2299 XOR
2 1 2264 2271 2300 XOR
2 1 2263 2272 2301 XOR
4 1 2150 2170 2173 2175 2302 AND
2 1 2150 2175 2303 AND
2 1 2150 2174 2304 AND
2 1 2150 2171 2305 AND
3 1 2150 2173 2175 2306 AND
4 1 2150 2170 2172 2175 2307 AND
2 1 2150 2173 2308 AND
3 1 2150 2171 2174 2309 AND
4 1 2150 2170 2172 2174 2310 AND
2 1 2281 2282 2311 XOR
2 1 2280 2283 2312 XOR
2 1 2279 2284 2313 XOR
2 1 2278 2285 2314 XOR
2 1 2277 2286 2315 XOR
2 1 2276 2287 2316 XOR
2 1 2275 2288 2317 XOR
2 1 2274 2289 2318 XOR
4 1 2150 2170 2173 2175 2319 AND
2 1 2150 2175 2320 AND
4 1 2150 2171 2172 2174 2321 AND
2 1 2150 2174 2322 AND
2 1 2293 2294 2323 XOR
2 1 2292 2295 2324 XOR
2 1 2291 2296 2325 XOR
1 1 2186 2326 EQW
1 1 2191 2327 EQW
1 1 2196 2328 EQW
1 1 2207 2329 EQW
1 1 2212 2330 EQW
1 1 2217 2331 EQW
1 1 2228 2332 EQW
1 1 2241 2333 EQW
1 1 2248 2334 EQW
1 1 2259 2335 EQW
1 1 2264 2336 EQW
1 1 2269 2337 EQW
1 1 2280 2338 EQW
1 1 2285 2339 EQW
1 1 2290 2340 EQW
1 1 2301 2341 EQW
1 1 2318 2342 EQW
1 1 2325 2343 EQW
