463 655
3 64 64 64
1 1

2 1 64 128 192 XOR
2 1 65 128 193 XOR
2 1 66 128 194 XOR
2 1 67 128 195 XOR
2 1 68 128 196 XOR
2 1 69 128 197 XOR
2 1 70 128 198 XOR
2 1 71 128 199 XOR
2 1 72 128 200 XOR
2 1 73 128 201 XOR
2 1 74 128 202 XOR
2 1 75 128 203 XOR
2 1 76 128 204 XOR
2 1 77 128 205 XOR
2 1 78 128 206 XOR
2 1 79 128 207 XOR
2 1 80 128 208 XOR
2 1 81 128 209 XOR
2 1 82 128 210 XOR
2 1 83 128 211 XOR
2 1 84 128 212 XOR
2 1 85 128 213 XOR
2 1 86 128 214 XOR
2 1 87 128 215 XOR
2 1 88 128 216 XOR
2 1 89 128 217 XOR
2 1 90 128 218 XOR
2 1 91 128 219 XOR
2 1 92 128 220 XOR
2 1 93 128 221 XOR
2 1 94 128 222 XOR
2 1 95 128 223 XOR
2 1 96 128 224 XOR
2 1 97 128 225 XOR
2 1 98 128 226 XOR
2 1 99 128 227 XOR
2 1 100 128 228 XOR
2 1 101 128 229 XOR
2 1 102 128 230 XOR
2 1 103 128 231 XOR
2 1 104 128 232 XOR
2 1 105 128 233 XOR
2 1 106 128 234 XOR
2 1 107 128 235 XOR
2 1 108 128 236 XOR
2 1 109 128 237 XOR
2 1 110 128 238 XOR
2 1 111 128 239 XOR
2 1 112 128 240 XOR
2 1 113 128 241 XOR
2 1 114 128 242 XOR
2 1 115 128 243 XOR
2 1 116 128 244 XOR
2 1 117 128 245 XOR
2 1 118 128 246 XOR
2 1 119 128 247 XOR
2 1 120 128 248 XOR
2 1 121 128 249 XOR
2 1 122 128 250 XOR
2 1 123 128 251 XOR
2 1 124 128 252 XOR
2 1 125 128 253 XOR
2 1 126 128 254 XOR
2 1 127 128 255 XOR
2 1 0 64 256 XOR
2 1 1 65 257 XOR
2 1 2 66 258 XOR
2 1 3 67 259 XOR
2 1 4 68 260 XOR
2 1 5 69 261 XOR
2 1 6 70 262 XOR
2 1 7 71 263 XOR
2 1 8 72 264 XOR
2 1 9 73 265 XOR
2 1 10 74 266 XOR
2 1 11 75 267 XOR
2 1 12 76 268 XOR
2 1 13 77 269 XOR
2 1 14 78 270 XOR
2 1 15 79 271 XOR
2 1 16 80 272 XOR
2 1 17 81 273 XOR
2 1 18 82 274 XOR
2 1 19 83 275 XOR
2 1 20 84 276 XOR
2 1 21 85 277 XOR
2 1 22 86 278 XOR
2 1 23 87 279 XOR
2 1 24 88 280 XOR
2 1 25 89 281 XOR
2 1 26 90 282 XOR
2 1 27 91 283 XOR
2 1 28 92 284 XOR
2 1 29 93 285 XOR
2 1 30 94 286 XOR
2 1 31 95 287 XOR
2 1 32 96 288 XOR
2 1 33 97 289 XOR
2 1 34 98 290 XOR
2 1 35 99 291 XOR
2 1 36 100 292 XOR
2 1 37 101 293 XOR
2 1 38 102 294 XOR
2 1 39 103 295 XOR
2 1 40 104 296 XOR
2 1 41 105 297 XOR
2 1 42 106 298 XOR
2 1 43 107 299 XOR
2 1 44 108 300 XOR
2 1 45 109 301 XOR
2 1 46 110 302 XOR
2 1 47 111 303 XOR
2 1 48 112 304 XOR
2 1 49 113 305 XOR
2 1 50 114 306 XOR
2 1 51 115 307 XOR
2 1 52 116 308 XOR
2 1 53 117 309 XOR
2 1 54 118 310 XOR
2 1 55 119 311 XOR
2 1 56 120 312 XOR
2 1 57 121 313 XOR
2 1 58 122 314 XOR
2 1 59 123 315 XOR
2 1 60 124 316 XOR
2 1 61 125 317 XOR
2 1 62 126 318 XOR
2 1 63 127 319 XOR
2 1 256 128 320 XOR
2 1 257 128 321 XOR
2 1 258 128 322 XOR
2 1 259 128 323 XOR
2 1 260 128 324 XOR
2 1 261 128 325 XOR
2 1 262 128 326 XOR
2 1 263 128 327 XOR
2 1 264 128 328 XOR
2 1 265 128 329 XOR
2 1 266 128 330 XOR
2 1 267 128 331 XOR
2 1 268 128 332 XOR
2 1 269 128 333 XOR
2 1 270 128 334 XOR
2 1 271 128 335 XOR
2 1 272 128 336 XOR
2 1 273 128 337 XOR
2 1 274 128 338 XOR
2 1 275 128 339 XOR
2 1 276 128 340 XOR
2 1 277 128 341 XOR
2 1 278 128 342 XOR
2 1 279 128 343 XOR
2 1 280 128 344 XOR
2 1 281 128 345 XOR
2 1 282 128 346 XOR
2 1 283 128 347 XOR
2 1 284 128 348 XOR
2 1 285 128 349 XOR
2 1 286 128 350 XOR
2 1 287 128 351 XOR
2 1 288 128 352 XOR
2 1 289 128 353 XOR
2 1 290 128 354 XOR
2 1 291 128 355 XOR
2 1 292 128 356 XOR
2 1 293 128 357 XOR
2 1 294 128 358 XOR
2 1 295 128 359 XOR
2 1 296 128 360 XOR
2 1 297 128 361 XOR
2 1 298 128 362 XOR
2 1 299 128 363 XOR
2 1 300 128 364 XOR
2 1 301 128 365 XOR
2 1 302 128 366 XOR
2 1 303 128 367 XOR
2 1 304 128 368 XOR
2 1 305 128 369 XOR
2 1 306 128 370 XOR
2 1 307 128 371 XOR
2 1 308 128 372 XOR
2 1 309 128 373 XOR
2 1 310 128 374 XOR
2 1 311 128 375 XOR
2 1 312 128 376 XOR
2 1 313 128 377 XOR
2 1 314 128 378 XOR
2 1 315 128 379 XOR
2 1 316 128 380 XOR
2 1 317 128 381 XOR
2 1 318 128 382 XOR
2 1 319 128 383 XOR
4 1 323 322 321 320 384 AND
3 1 323 322 321 385 AND
2 1 323 322 386 AND
4 1 327 326 325 324 387 AND
3 1 327 326 325 388 AND
2 1 327 326 389 AND
4 1 331 330 329 328 390 AND
3 1 331 330 329 391 AND
2 1 331 330 392 AND
4 1 335 334 333 332 393 AND
3 1 335 334 333 394 AND
2 1 335 334 395 AND
4 1 339 338 337 336 396 AND
3 1 339 338 337 397 AND
2 1 339 338 398 AND
4 1 343 342 341 340 399 AND
3 1 343 342 341 400 AND
2 1 343 342 401 AND
4 1 347 346 345 344 402 AND
3 1 347 346 345 403 AND
2 1 347 346 404 AND
4 1 351 350 349 348 405 AND
3 1 351 350 349 406 AND
2 1 351 350 407 AND
4 1 355 354 353 352 408 AND
3 1 355 354 353 409 AND
2 1 355 354 410 AND
4 1 359 358 357 356 411 AND
3 1 359 358 357 412 AND
2 1 359 358 413 AND
4 1 363 362 361 360 414 AND
3 1 363 362 361 415 AND
2 1 363 362 416 AND
4 1 367 366 365 364 417 AND
3 1 367 366 365 418 AND
2 1 367 366 419 AND
4 1 371 370 369 368 420 AND
3 1 371 370 369 421 AND
2 1 371 370 422 AND
4 1 375 374 373 372 423 AND
3 1 375 374 373 424 AND
2 1 375 374 425 AND
4 1 379 378 377 376 426 AND
3 1 379 378 377 427 AND
2 1 379 378 428 AND
4 1 383 382 381 380 429 AND
3 1 383 382 381 430 AND
2 1 383 382 431 AND
4 1 393 390 387 384 432 AND
4 1 393 390 387 385 433 AND
4 1 393 390 387 386 434 AND
4 1 393 390 387 323 435 AND
3 1 393 390 387 436 AND
3 1 393 390 388 437 AND
3 1 393 390 389 438 AND
3 1 393 390 327 439 AND
2 1 393 390 440 AND
2 1 393 391 441 AND
2 1 393 392 442 AND
2 1 393 331 443 AND
4 1 405 402 399 396 444 AND
4 1 405 402 399 397 445 AND
4 1 405 402 399 398 446 AND
4 1 405 402 399 339 447 AND
3 1 405 402 399 448 AND
3 1 405 402 400 449 AND
3 1 405 402 401 450 AND
3 1 405 402 343 451 AND
2 1 405 402 452 AND
2 1 405 403 453 AND
2 1 405 404 454 AND
2 1 405 347 455 AND
4 1 417 414 411 408 456 AND
4 1 417 414 411 409 457 AND
4 1 417 414 411 410 458 AND
4 1 417 414 411 355 459 AND
3 1 417 414 411 460 AND
3 1 417 414 412 461 AND
3 1 417 414 413 462 AND
3 1 417 414 359 463 AND
2 1 417 414 464 AND
2 1 417 415 465 AND
2 1 417 416 466 AND
2 1 417 363 467 AND
4 1 429 426 423 420 468 AND
4 1 429 426 423 421 469 AND
4 1 429 426 423 422 470 AND
4 1 429 426 423 371 471 AND
3 1 429 426 423 472 AND
3 1 429 426 424 473 AND
3 1 429 426 425 474 AND
3 1 429 426 375 475 AND
2 1 429 426 476 AND
2 1 429 427 477 AND
2 1 429 428 478 AND
2 1 429 379 479 AND
4 1 468 456 444 432 480 AND
4 1 468 456 444 433 481 AND
4 1 468 456 444 434 482 AND
4 1 468 456 444 435 483 AND
4 1 468 456 444 436 484 AND
4 1 468 456 444 437 485 AND
4 1 468 456 444 438 486 AND
4 1 468 456 444 439 487 AND
4 1 468 456 444 440 488 AND
4 1 468 456 444 441 489 AND
4 1 468 456 444 442 490 AND
4 1 468 456 444 443 491 AND
4 1 468 456 444 393 492 AND
4 1 468 456 444 394 493 AND
4 1 468 456 444 395 494 AND
4 1 468 456 444 335 495 AND
3 1 468 456 444 496 AND
3 1 468 456 445 497 AND
3 1 468 456 446 498 AND
3 1 468 456 447 499 AND
3 1 468 456 448 500 AND
3 1 468 456 449 501 AND
3 1 468 456 450 502 AND
3 1 468 456 451 503 AND
3 1 468 456 452 504 AND
3 1 468 456 453 505 AND
3 1 468 456 454 506 AND
3 1 468 456 455 507 AND
3 1 468 456 405 508 AND
3 1 468 456 406 509 AND
3 1 468 456 407 510 AND
3 1 468 456 351 511 AND
2 1 468 456 512 AND
2 1 468 457 513 AND
2 1 468 458 514 AND
2 1 468 459 515 AND
2 1 468 460 516 AND
2 1 468 461 517 AND
2 1 468 462 518 AND
2 1 468 463 519 AND
2 1 468 464 520 AND
2 1 468 465 521 AND
2 1 468 466 522 AND
2 1 468 467 523 AND
2 1 468 417 524 AND
2 1 468 418 525 AND
2 1 468 419 526 AND
2 1 468 367 527 AND
3 1 0 192 481 528 AND
3 1 1 193 482 529 AND
3 1 2 194 483 530 AND
3 1 3 195 484 531 AND
3 1 4 196 485 532 AND
3 1 5 197 486 533 AND
3 1 6 198 487 534 AND
3 1 7 199 488 535 AND
3 1 8 200 489 536 AND
3 1 9 201 490 537 AND
3 1 10 202 491 538 AND
3 1 11 203 492 539 AND
3 1 12 204 493 540 AND
3 1 13 205 494 541 AND
3 1 14 206 495 542 AND
3 1 15 207 496 543 AND
3 1 16 208 497 544 AND
3 1 17 209 498 545 AND
3 1 18 210 499 546 AND
3 1 19 211 500 547 AND
3 1 20 212 501 548 AND
3 1 21 213 502 549 AND
3 1 22 214 503 550 AND
3 1 23 215 504 551 AND
3 1 24 216 505 552 AND
3 1 25 217 506 553 AND
3 1 26 218 507 554 AND
3 1 27 219 508 555 AND
3 1 28 220 509 556 AND
3 1 29 221 510 557 AND
3 1 30 222 511 558 AND
3 1 31 223 512 559 AND
3 1 32 224 513 560 AND
3 1 33 225 514 561 AND
3 1 34 226 515 562 AND
3 1 35 227 516 563 AND
3 1 36 228 517 564 AND
3 1 37 229 518 565 AND
3 1 38 230 519 566 AND
3 1 39 231 520 567 AND
3 1 40 232 521 568 AND
3 1 41 233 522 569 AND
3 1 42 234 523 570 AND
3 1 43 235 524 571 AND
3 1 44 236 525 572 AND
3 1 45 237 526 573 AND
3 1 46 238 527 574 AND
3 1 47 239 468 575 AND
3 1 48 240 469 576 AND
3 1 49 241 470 577 AND
3 1 50 242 471 578 AND
3 1 51 243 472 579 AND
3 1 52 244 473 580 AND
3 1 53 245 474 581 AND
3 1 54 246 475 582 AND
3 1 55 247 476 583 AND
3 1 56 248 477 584 AND
3 1 57 249 478 585 AND
3 1 58 250 479 586 AND
3 1 59 251 429 587 AND
3 1 60 252 430 588 AND
3 1 61 253 431 589 AND
3 1 62 254 383 590 AND
1 1 383 591 EQW
2 1 528 529 592 XOR
2 1 592 530 593 XOR
2 1 593 531 594 XOR
2 1 594 532 595 XOR
2 1 595 533 596 XOR
2 1 596 534 597 XOR
2 1 597 535 598 XOR
2 1 598 536 599 XOR
2 1 599 537 600 XOR
2 1 600 538 601 XOR
2 1 601 539 602 XOR
2 1 602 540 603 XOR
2 1 603 541 604 XOR
2 1 604 542 605 XOR
2 1 605 543 606 XOR
2 1 606 544 607 XOR
2 1 607 545 608 XOR
2 1 608 546 609 XOR
2 1 609 547 610 XOR
2 1 610 548 611 XOR
2 1 611 549 612 XOR
2 1 612 550 613 XOR
2 1 613 551 614 XOR
2 1 614 552 615 XOR
2 1 615 553 616 XOR
2 1 616 554 617 XOR
2 1 617 555 618 XOR
2 1 618 556 619 XOR
2 1 619 557 620 XOR
2 1 620 558 621 XOR
2 1 621 559 622 XOR
2 1 622 560 623 XOR
2 1 623 561 624 XOR
2 1 624 562 625 XOR
2 1 625 563 626 XOR
2 1 626 564 627 XOR
2 1 627 565 628 XOR
2 1 628 566 629 XOR
2 1 629 567 630 XOR
2 1 630 568 631 XOR
2 1 631 569 632 XOR
2 1 632 570 633 XOR
2 1 633 571 634 XOR
2 1 634 572 635 XOR
2 1 635 573 636 XOR
2 1 636 574 637 XOR
2 1 637 575 638 XOR
2 1 638 576 639 XOR
2 1 639 577 640 XOR
2 1 640 578 641 XOR
2 1 641 579 642 XOR
2 1 642 580 643 XOR
2 1 643 581 644 XOR
2 1 644 582 645 XOR
2 1 645 583 646 XOR
2 1 646 584 647 XOR
2 1 647 585 648 XOR
2 1 648 586 649 XOR
2 1 649 587 650 XOR
2 1 650 588 651 XOR
2 1 651 589 652 XOR
2 1 652 590 653 XOR
2 1 653 591 654 XOR
