223 319
3 32 32 32
1 1

2 1 32 64 96 XOR
2 1 33 64 97 XOR
2 1 34 64 98 XOR
2 1 35 64 99 XOR
2 1 36 64 100 XOR
2 1 37 64 101 XOR
2 1 38 64 102 XOR
2 1 39 64 103 XOR
2 1 40 64 104 XOR
2 1 41 64 105 XOR
2 1 42 64 106 XOR
2 1 43 64 107 XOR
2 1 44 64 108 XOR
2 1 45 64 109 XOR
2 1 46 64 110 XOR
2 1 47 64 111 XOR
2 1 48 64 112 XOR
2 1 49 64 113 XOR
2 1 50 64 114 XOR
2 1 51 64 115 XOR
2 1 52 64 116 XOR
2 1 53 64 117 XOR
2 1 54 64 118 XOR
2 1 55 64 119 XOR
2 1 56 64 120 XOR
2 1 57 64 121 XOR
2 1 58 64 122 XOR
2 1 59 64 123 XOR
2 1 60 64 124 XOR
2 1 61 64 125 XOR
2 1 62 64 126 XOR
2 1 63 64 127 XOR
2 1 0 32 128 XOR
2 1 1 33 129 XOR
2 1 2 34 130 XOR
2 1 3 35 131 XOR
2 1 4 36 132 XOR
2 1 5 37 133 XOR
2 1 6 38 134 XOR
2 1 7 39 135 XOR
2 1 8 40 136 XOR
2 1 9 41 137 XOR
2 1 10 42 138 XOR
2 1 11 43 139 XOR
2 1 12 44 140 XOR
2 1 13 45 141 XOR
2 1 14 46 142 XOR
2 1 15 47 143 XOR
2 1 16 48 144 XOR
2 1 17 49 145 XOR
2 1 18 50 146 XOR
2 1 19 51 147 XOR
2 1 20 52 148 XOR
2 1 21 53 149 XOR
2 1 22 54 150 XOR
2 1 23 55 151 XOR
2 1 24 56 152 XOR
2 1 25 57 153 XOR
2 1 26 58 154 XOR
2 1 27 59 155 XOR
2 1 28 60 156 XOR
2 1 29 61 157 XOR
2 1 30 62 158 XOR
2 1 31 63 159 XOR
2 1 128 64 160 XOR
2 1 129 64 161 XOR
2 1 130 64 162 XOR
2 1 131 64 163 XOR
2 1 132 64 164 XOR
2 1 133 64 165 XOR
2 1 134 64 166 XOR
2 1 135 64 167 XOR
2 1 136 64 168 XOR
2 1 137 64 169 XOR
2 1 138 64 170 XOR
2 1 139 64 171 XOR
2 1 140 64 172 XOR
2 1 141 64 173 XOR
2 1 142 64 174 XOR
2 1 143 64 175 XOR
2 1 144 64 176 XOR
2 1 145 64 177 XOR
2 1 146 64 178 XOR
2 1 147 64 179 XOR
2 1 148 64 180 XOR
2 1 149 64 181 XOR
2 1 150 64 182 XOR
2 1 151 64 183 XOR
2 1 152 64 184 XOR
2 1 153 64 185 XOR
2 1 154 64 186 XOR
2 1 155 64 187 XOR
2 1 156 64 188 XOR
2 1 157 64 189 XOR
2 1 158 64 190 XOR
2 1 159 64 191 XOR
4 1 163 162 161 160 192 AND
3 1 163 162 161 193 AND
2 1 163 162 194 AND
4 1 167 166 165 164 195 AND
3 1 167 166 165 196 AND
2 1 167 166 197 AND
4 1 171 170 169 168 198 AND
3 1 171 170 169 199 AND
2 1 171 170 200 AND
4 1 175 174 173 172 201 AND
3 1 175 174 173 202 AND
2 1 175 174 203 AND
4 1 179 178 177 176 204 AND
3 1 179 178 177 205 AND
2 1 179 178 206 AND
4 1 183 182 181 180 207 AND
3 1 183 182 181 208 AND
2 1 183 182 209 AND
4 1 187 186 185 184 210 AND
3 1 187 186 185 211 AND
2 1 187 186 212 AND
4 1 191 190 189 188 213 AND
3 1 191 190 189 214 AND
2 1 191 190 215 AND
4 1 201 198 195 192 216 AND
4 1 201 198 195 193 217 AND
4 1 201 198 195 194 218 AND
4 1 201 198 195 163 219 AND
3 1 201 198 195 220 AND
3 1 201 198 196 221 AND
3 1 201 198 197 222 AND
3 1 201 198 167 223 AND
2 1 201 198 224 AND
2 1 201 199 225 AND
2 1 201 200 226 AND
2 1 201 171 227 AND
4 1 213 210 207 204 228 AND
4 1 213 210 207 205 229 AND
4 1 213 210 207 206 230 AND
4 1 213 210 207 179 231 AND
3 1 213 210 207 232 AND
3 1 213 210 208 233 AND
3 1 213 210 209 234 AND
3 1 213 210 183 235 AND
2 1 213 210 236 AND
2 1 213 211 237 AND
2 1 213 212 238 AND
2 1 213 187 239 AND
2 1 228 216 240 AND
2 1 228 217 241 AND
2 1 228 218 242 AND
2 1 228 219 243 AND
2 1 228 220 244 AND
2 1 228 221 245 AND
2 1 228 222 246 AND
2 1 228 223 247 AND
2 1 228 224 248 AND
2 1 228 225 249 AND
2 1 228 226 250 AND
2 1 228 227 251 AND
2 1 228 201 252 AND
2 1 228 202 253 AND
2 1 228 203 254 AND
2 1 228 175 255 AND
3 1 0 96 241 256 AND
3 1 1 97 242 257 AND
3 1 2 98 243 258 AND
3 1 3 99 244 259 AND
3 1 4 100 245 260 AND
3 1 5 101 246 261 AND
3 1 6 102 247 262 AND
3 1 7 103 248 263 AND
3 1 8 104 249 264 AND
3 1 9 105 250 265 AND
3 1 10 106 251 266 AND
3 1 11 107 252 267 AND
3 1 12 108 253 268 AND
3 1 13 109 254 269 AND
3 1 14 110 255 270 AND
3 1 15 111 228 271 AND
3 1 16 112 229 272 AND
3 1 17 113 230 273 AND
3 1 18 114 231 274 AND
3 1 19 115 232 275 AND
3 1 20 116 233 276 AND
3 1 21 117 234 277 AND
3 1 22 118 235 278 AND
3 1 23 119 236 279 AND
3 1 24 120 237 280 AND
3 1 25 121 238 281 AND
3 1 26 122 239 282 AND
3 1 27 123 213 283 AND
3 1 28 124 214 284 AND
3 1 29 125 215 285 AND
3 1 30 126 191 286 AND
1 1 191 287 EQW
2 1 256 257 288 XOR
2 1 288 258 289 XOR
2 1 289 259 290 XOR
2 1 290 260 291 XOR
2 1 291 261 292 XOR
2 1 292 262 293 XOR
2 1 293 263 294 XOR
2 1 294 264 295 XOR
2 1 295 265 296 XOR
2 1 296 266 297 XOR
2 1 297 267 298 XOR
2 1 298 268 299 XOR
2 1 299 269 300 XOR
2 1 300 270 301 XOR
2 1 301 271 302 XOR
2 1 302 272 303 XOR
2 1 303 273 304 XOR
2 1 304 274 305 XOR
2 1 305 275 306 XOR
2 1 306 276 307 XOR
2 1 307 277 308 XOR
2 1 308 278 309 XOR
2 1 309 279 310 XOR
2 1 310 280 311 XOR
2 1 311 281 312 XOR
2 1 312 282 313 XOR
2 1 313 283 314 XOR
2 1 314 284 315 XOR
2 1 315 285 316 XOR
2 1 316 286 317 XOR
2 1 317 287 318 XOR
