103 151
3 16 16 16
1 1

2 1 16 32 48 XOR
2 1 17 32 49 XOR
2 1 18 32 50 XOR
2 1 19 32 51 XOR
2 1 20 32 52 XOR
2 1 21 32 53 XOR
2 1 22 32 54 XOR
2 1 23 32 55 XOR
2 1 24 32 56 XOR
2 1 25 32 57 XOR
2 1 26 32 58 XOR
2 1 27 32 59 XOR
2 1 28 32 60 XOR
2 1 29 32 61 XOR
2 1 30 32 62 XOR
2 1 31 32 63 XOR
2 1 0 16 64 XOR
2 1 1 17 65 XOR
2 1 2 18 66 XOR
2 1 3 19 67 XOR
2 1 4 20 68 XOR
2 1 5 21 69 XOR
2 1 6 22 70 XOR
2 1 7 23 71 XOR
2 1 8 24 72 XOR
2 1 9 25 73 XOR
2 1 10 26 74 XOR
2 1 11 27 75 XOR
2 1 12 28 76 XOR
2 1 13 29 77 XOR
2 1 14 30 78 XOR
2 1 15 31 79 XOR
2 1 64 32 80 XOR
2 1 65 32 81 XOR
2 1 66 32 82 XOR
2 1 67 32 83 XOR
2 1 68 32 84 XOR
2 1 69 32 85 XOR
2 1 70 32 86 XOR
2 1 71 32 87 XOR
2 1 72 32 88 XOR
2 1 73 32 89 XOR
2 1 74 32 90 XOR
2 1 75 32 91 XOR
2 1 76 32 92 XOR
2 1 77 32 93 XOR
2 1 78 32 94 XOR
2 1 79 32 95 XOR
4 1 83 82 81 80 96 AND
3 1 83 82 81 97 AND
2 1 83 82 98 AND
4 1 87 86 85 84 99 AND
3 1 87 86 85 100 AND
2 1 87 86 101 AND
4 1 91 90 89 88 102 AND
3 1 91 90 89 103 AND
2 1 91 90 104 AND
4 1 95 94 93 92 105 AND
3 1 95 94 93 106 AND
2 1 95 94 107 AND
4 1 105 102 99 96 108 AND
4 1 105 102 99 97 109 AND
4 1 105 102 99 98 110 AND
4 1 105 102 99 83 111 AND
3 1 105 102 99 112 AND
3 1 105 102 100 113 AND
3 1 105 102 101 114 AND
3 1 105 102 87 115 AND
2 1 105 102 116 AND
2 1 105 103 117 AND
2 1 105 104 118 AND
2 1 105 91 119 AND
3 1 0 48 109 120 AND
3 1 1 49 110 121 AND
3 1 2 50 111 122 AND
3 1 3 51 112 123 AND
3 1 4 52 113 124 AND
3 1 5 53 114 125 AND
3 1 6 54 115 126 AND
3 1 7 55 116 127 AND
3 1 8 56 117 128 AND
3 1 9 57 118 129 AND
3 1 10 58 119 130 AND
3 1 11 59 105 131 AND
3 1 12 60 106 132 AND
3 1 13 61 107 133 AND
3 1 14 62 95 134 AND
1 1 95 135 EQW
2 1 120 121 136 XOR
2 1 136 122 137 XOR
2 1 137 123 138 XOR
2 1 138 124 139 XOR
2 1 139 125 140 XOR
2 1 140 126 141 XOR
2 1 141 127 142 XOR
2 1 142 128 143 XOR
2 1 143 129 144 XOR
2 1 144 130 145 XOR
2 1 145 131 146 XOR
2 1 146 132 147 XOR
2 1 147 133 148 XOR
2 1 148 134 149 XOR
2 1 149 135 150 XOR
