991 1375
6 64 64 64 64 64 64
1 1

2 1 128 256 384 XOR
2 1 129 256 385 XOR
2 1 130 256 386 XOR
2 1 131 256 387 XOR
2 1 132 256 388 XOR
2 1 133 256 389 XOR
2 1 134 256 390 XOR
2 1 135 256 391 XOR
2 1 136 256 392 XOR
2 1 137 256 393 XOR
2 1 138 256 394 XOR
2 1 139 256 395 XOR
2 1 140 256 396 XOR
2 1 141 256 397 XOR
2 1 142 256 398 XOR
2 1 143 256 399 XOR
2 1 144 256 400 XOR
2 1 145 256 401 XOR
2 1 146 256 402 XOR
2 1 147 256 403 XOR
2 1 148 256 404 XOR
2 1 149 256 405 XOR
2 1 150 256 406 XOR
2 1 151 256 407 XOR
2 1 152 256 408 XOR
2 1 153 256 409 XOR
2 1 154 256 410 XOR
2 1 155 256 411 XOR
2 1 156 256 412 XOR
2 1 157 256 413 XOR
2 1 158 256 414 XOR
2 1 159 256 415 XOR
2 1 160 256 416 XOR
2 1 161 256 417 XOR
2 1 162 256 418 XOR
2 1 163 256 419 XOR
2 1 164 256 420 XOR
2 1 165 256 421 XOR
2 1 166 256 422 XOR
2 1 167 256 423 XOR
2 1 168 256 424 XOR
2 1 169 256 425 XOR
2 1 170 256 426 XOR
2 1 171 256 427 XOR
2 1 172 256 428 XOR
2 1 173 256 429 XOR
2 1 174 256 430 XOR
2 1 175 256 431 XOR
2 1 176 256 432 XOR
2 1 177 256 433 XOR
2 1 178 256 434 XOR
2 1 179 256 435 XOR
2 1 180 256 436 XOR
2 1 181 256 437 XOR
2 1 182 256 438 XOR
2 1 183 256 439 XOR
2 1 184 256 440 XOR
2 1 185 256 441 XOR
2 1 186 256 442 XOR
2 1 187 256 443 XOR
2 1 188 256 444 XOR
2 1 189 256 445 XOR
2 1 190 256 446 XOR
2 1 191 256 447 XOR
2 1 192 256 448 XOR
2 1 193 256 449 XOR
2 1 194 256 450 XOR
2 1 195 256 451 XOR
2 1 196 256 452 XOR
2 1 197 256 453 XOR
2 1 198 256 454 XOR
2 1 199 256 455 XOR
2 1 200 256 456 XOR
2 1 201 256 457 XOR
2 1 202 256 458 XOR
2 1 203 256 459 XOR
2 1 204 256 460 XOR
2 1 205 256 461 XOR
2 1 206 256 462 XOR
2 1 207 256 463 XOR
2 1 208 256 464 XOR
2 1 209 256 465 XOR
2 1 210 256 466 XOR
2 1 211 256 467 XOR
2 1 212 256 468 XOR
2 1 213 256 469 XOR
2 1 214 256 470 XOR
2 1 215 256 471 XOR
2 1 216 256 472 XOR
2 1 217 256 473 XOR
2 1 218 256 474 XOR
2 1 219 256 475 XOR
2 1 220 256 476 XOR
2 1 221 256 477 XOR
2 1 222 256 478 XOR
2 1 223 256 479 XOR
2 1 224 256 480 XOR
2 1 225 256 481 XOR
2 1 226 256 482 XOR
2 1 227 256 483 XOR
2 1 228 256 484 XOR
2 1 229 256 485 XOR
2 1 230 256 486 XOR
2 1 231 256 487 XOR
2 1 232 256 488 XOR
2 1 233 256 489 XOR
2 1 234 256 490 XOR
2 1 235 256 491 XOR
2 1 236 256 492 XOR
2 1 237 256 493 XOR
2 1 238 256 494 XOR
2 1 239 256 495 XOR
2 1 240 256 496 XOR
2 1 241 256 497 XOR
2 1 242 256 498 XOR
2 1 243 256 499 XOR
2 1 244 256 500 XOR
2 1 245 256 501 XOR
2 1 246 256 502 XOR
2 1 247 256 503 XOR
2 1 248 256 504 XOR
2 1 249 256 505 XOR
2 1 250 256 506 XOR
2 1 251 256 507 XOR
2 1 252 256 508 XOR
2 1 253 256 509 XOR
2 1 254 256 510 XOR
2 1 255 256 511 XOR
2 1 0 128 512 XOR
2 1 1 129 513 XOR
2 1 2 130 514 XOR
2 1 3 131 515 XOR
2 1 4 132 516 XOR
2 1 5 133 517 XOR
2 1 6 134 518 XOR
2 1 7 135 519 XOR
2 1 8 136 520 XOR
2 1 9 137 521 XOR
2 1 10 138 522 XOR
2 1 11 139 523 XOR
2 1 12 140 524 XOR
2 1 13 141 525 XOR
2 1 14 142 526 XOR
2 1 15 143 527 XOR
2 1 16 144 528 XOR
2 1 17 145 529 XOR
2 1 18 146 530 XOR
2 1 19 147 531 XOR
2 1 20 148 532 XOR
2 1 21 149 533 XOR
2 1 22 150 534 XOR
2 1 23 151 535 XOR
2 1 24 152 536 XOR
2 1 25 153 537 XOR
2 1 26 154 538 XOR
2 1 27 155 539 XOR
2 1 28 156 540 XOR
2 1 29 157 541 XOR
2 1 30 158 542 XOR
2 1 31 159 543 XOR
2 1 32 160 544 XOR
2 1 33 161 545 XOR
2 1 34 162 546 XOR
2 1 35 163 547 XOR
2 1 36 164 548 XOR
2 1 37 165 549 XOR
2 1 38 166 550 XOR
2 1 39 167 551 XOR
2 1 40 168 552 XOR
2 1 41 169 553 XOR
2 1 42 170 554 XOR
2 1 43 171 555 XOR
2 1 44 172 556 XOR
2 1 45 173 557 XOR
2 1 46 174 558 XOR
2 1 47 175 559 XOR
2 1 48 176 560 XOR
2 1 49 177 561 XOR
2 1 50 178 562 XOR
2 1 51 179 563 XOR
2 1 52 180 564 XOR
2 1 53 181 565 XOR
2 1 54 182 566 XOR
2 1 55 183 567 XOR
2 1 56 184 568 XOR
2 1 57 185 569 XOR
2 1 58 186 570 XOR
2 1 59 187 571 XOR
2 1 60 188 572 XOR
2 1 61 189 573 XOR
2 1 62 190 574 XOR
2 1 63 191 575 XOR
2 1 64 192 576 XOR
2 1 65 193 577 XOR
2 1 66 194 578 XOR
2 1 67 195 579 XOR
2 1 68 196 580 XOR
2 1 69 197 581 XOR
2 1 70 198 582 XOR
2 1 71 199 583 XOR
2 1 72 200 584 XOR
2 1 73 201 585 XOR
2 1 74 202 586 XOR
2 1 75 203 587 XOR
2 1 76 204 588 XOR
2 1 77 205 589 XOR
2 1 78 206 590 XOR
2 1 79 207 591 XOR
2 1 80 208 592 XOR
2 1 81 209 593 XOR
2 1 82 210 594 XOR
2 1 83 211 595 XOR
2 1 84 212 596 XOR
2 1 85 213 597 XOR
2 1 86 214 598 XOR
2 1 87 215 599 XOR
2 1 88 216 600 XOR
2 1 89 217 601 XOR
2 1 90 218 602 XOR
2 1 91 219 603 XOR
2 1 92 220 604 XOR
2 1 93 221 605 XOR
2 1 94 222 606 XOR
2 1 95 223 607 XOR
2 1 96 224 608 XOR
2 1 97 225 609 XOR
2 1 98 226 610 XOR
2 1 99 227 611 XOR
2 1 100 228 612 XOR
2 1 101 229 613 XOR
2 1 102 230 614 XOR
2 1 103 231 615 XOR
2 1 104 232 616 XOR
2 1 105 233 617 XOR
2 1 106 234 618 XOR
2 1 107 235 619 XOR
2 1 108 236 620 XOR
2 1 109 237 621 XOR
2 1 110 238 622 XOR
2 1 111 239 623 XOR
2 1 112 240 624 XOR
2 1 113 241 625 XOR
2 1 114 242 626 XOR
2 1 115 243 627 XOR
2 1 116 244 628 XOR
2 1 117 245 629 XOR
2 1 118 246 630 XOR
2 1 119 247 631 XOR
2 1 120 248 632 XOR
2 1 121 249 633 XOR
2 1 122 250 634 XOR
2 1 123 251 635 XOR
2 1 124 252 636 XOR
2 1 125 253 637 XOR
2 1 126 254 638 XOR
2 1 127 255 639 XOR
2 1 512 256 640 XOR
2 1 513 256 641 XOR
2 1 514 256 642 XOR
2 1 515 256 643 XOR
2 1 516 256 644 XOR
2 1 517 256 645 XOR
2 1 518 256 646 XOR
2 1 519 256 647 XOR
2 1 520 256 648 XOR
2 1 521 256 649 XOR
2 1 522 256 650 XOR
2 1 523 256 651 XOR
2 1 524 256 652 XOR
2 1 525 256 653 XOR
2 1 526 256 654 XOR
2 1 527 256 655 XOR
2 1 528 256 656 XOR
2 1 529 256 657 XOR
2 1 530 256 658 XOR
2 1 531 256 659 XOR
2 1 532 256 660 XOR
2 1 533 256 661 XOR
2 1 534 256 662 XOR
2 1 535 256 663 XOR
2 1 536 256 664 XOR
2 1 537 256 665 XOR
2 1 538 256 666 XOR
2 1 539 256 667 XOR
2 1 540 256 668 XOR
2 1 541 256 669 XOR
2 1 542 256 670 XOR
2 1 543 256 671 XOR
2 1 544 256 672 XOR
2 1 545 256 673 XOR
2 1 546 256 674 XOR
2 1 547 256 675 XOR
2 1 548 256 676 XOR
2 1 549 256 677 XOR
2 1 550 256 678 XOR
2 1 551 256 679 XOR
2 1 552 256 680 XOR
2 1 553 256 681 XOR
2 1 554 256 682 XOR
2 1 555 256 683 XOR
2 1 556 256 684 XOR
2 1 557 256 685 XOR
2 1 558 256 686 XOR
2 1 559 256 687 XOR
2 1 560 256 688 XOR
2 1 561 256 689 XOR
2 1 562 256 690 XOR
2 1 563 256 691 XOR
2 1 564 256 692 XOR
2 1 565 256 693 XOR
2 1 566 256 694 XOR
2 1 567 256 695 XOR
2 1 568 256 696 XOR
2 1 569 256 697 XOR
2 1 570 256 698 XOR
2 1 571 256 699 XOR
2 1 572 256 700 XOR
2 1 573 256 701 XOR
2 1 574 256 702 XOR
2 1 575 256 703 XOR
2 1 576 256 704 XOR
2 1 577 256 705 XOR
2 1 578 256 706 XOR
2 1 579 256 707 XOR
2 1 580 256 708 XOR
2 1 581 256 709 XOR
2 1 582 256 710 XOR
2 1 583 256 711 XOR
2 1 584 256 712 XOR
2 1 585 256 713 XOR
2 1 586 256 714 XOR
2 1 587 256 715 XOR
2 1 588 256 716 XOR
2 1 589 256 717 XOR
2 1 590 256 718 XOR
2 1 591 256 719 XOR
2 1 592 256 720 XOR
2 1 593 256 721 XOR
2 1 594 256 722 XOR
2 1 595 256 723 XOR
2 1 596 256 724 XOR
2 1 597 256 725 XOR
2 1 598 256 726 XOR
2 1 599 256 727 XOR
2 1 600 256 728 XOR
2 1 601 256 729 XOR
2 1 602 256 730 XOR
2 1 603 256 731 XOR
2 1 604 256 732 XOR
2 1 605 256 733 XOR
2 1 606 256 734 XOR
2 1 607 256 735 XOR
2 1 608 256 736 XOR
2 1 609 256 737 XOR
2 1 610 256 738 XOR
2 1 611 256 739 XOR
2 1 612 256 740 XOR
2 1 613 256 741 XOR
2 1 614 256 742 XOR
2 1 615 256 743 XOR
2 1 616 256 744 XOR
2 1 617 256 745 XOR
2 1 618 256 746 XOR
2 1 619 256 747 XOR
2 1 620 256 748 XOR
2 1 621 256 749 XOR
2 1 622 256 750 XOR
2 1 623 256 751 XOR
2 1 624 256 752 XOR
2 1 625 256 753 XOR
2 1 626 256 754 XOR
2 1 627 256 755 XOR
2 1 628 256 756 XOR
2 1 629 256 757 XOR
2 1 630 256 758 XOR
2 1 631 256 759 XOR
2 1 632 256 760 XOR
2 1 633 256 761 XOR
2 1 634 256 762 XOR
2 1 635 256 763 XOR
2 1 636 256 764 XOR
2 1 637 256 765 XOR
2 1 638 256 766 XOR
2 1 639 256 767 XOR
4 1 643 642 641 640 768 AND
3 1 643 642 641 769 AND
2 1 643 642 770 AND
4 1 647 646 645 644 771 AND
3 1 647 646 645 772 AND
2 1 647 646 773 AND
4 1 651 650 649 648 774 AND
3 1 651 650 649 775 AND
2 1 651 650 776 AND
4 1 655 654 653 652 777 AND
3 1 655 654 653 778 AND
2 1 655 654 779 AND
4 1 659 658 657 656 780 AND
3 1 659 658 657 781 AND
2 1 659 658 782 AND
4 1 663 662 661 660 783 AND
3 1 663 662 661 784 AND
2 1 663 662 785 AND
4 1 667 666 665 664 786 AND
3 1 667 666 665 787 AND
2 1 667 666 788 AND
4 1 671 670 669 668 789 AND
3 1 671 670 669 790 AND
2 1 671 670 791 AND
4 1 675 674 673 672 792 AND
3 1 675 674 673 793 AND
2 1 675 674 794 AND
4 1 679 678 677 676 795 AND
3 1 679 678 677 796 AND
2 1 679 678 797 AND
4 1 683 682 681 680 798 AND
3 1 683 682 681 799 AND
2 1 683 682 800 AND
4 1 687 686 685 684 801 AND
3 1 687 686 685 802 AND
2 1 687 686 803 AND
4 1 691 690 689 688 804 AND
3 1 691 690 689 805 AND
2 1 691 690 806 AND
4 1 695 694 693 692 807 AND
3 1 695 694 693 808 AND
2 1 695 694 809 AND
4 1 699 698 697 696 810 AND
3 1 699 698 697 811 AND
2 1 699 698 812 AND
4 1 703 702 701 700 813 AND
3 1 703 702 701 814 AND
2 1 703 702 815 AND
4 1 707 706 705 704 816 AND
3 1 707 706 705 817 AND
2 1 707 706 818 AND
4 1 711 710 709 708 819 AND
3 1 711 710 709 820 AND
2 1 711 710 821 AND
4 1 715 714 713 712 822 AND
3 1 715 714 713 823 AND
2 1 715 714 824 AND
4 1 719 718 717 716 825 AND
3 1 719 718 717 826 AND
2 1 719 718 827 AND
4 1 723 722 721 720 828 AND
3 1 723 722 721 829 AND
2 1 723 722 830 AND
4 1 727 726 725 724 831 AND
3 1 727 726 725 832 AND
2 1 727 726 833 AND
4 1 731 730 729 728 834 AND
3 1 731 730 729 835 AND
2 1 731 730 836 AND
4 1 735 734 733 732 837 AND
3 1 735 734 733 838 AND
2 1 735 734 839 AND
4 1 739 738 737 736 840 AND
3 1 739 738 737 841 AND
2 1 739 738 842 AND
4 1 743 742 741 740 843 AND
3 1 743 742 741 844 AND
2 1 743 742 845 AND
4 1 747 746 745 744 846 AND
3 1 747 746 745 847 AND
2 1 747 746 848 AND
4 1 751 750 749 748 849 AND
3 1 751 750 749 850 AND
2 1 751 750 851 AND
4 1 755 754 753 752 852 AND
3 1 755 754 753 853 AND
2 1 755 754 854 AND
4 1 759 758 757 756 855 AND
3 1 759 758 757 856 AND
2 1 759 758 857 AND
4 1 763 762 761 760 858 AND
3 1 763 762 761 859 AND
2 1 763 762 860 AND
4 1 767 766 765 764 861 AND
3 1 767 766 765 862 AND
2 1 767 766 863 AND
4 1 777 774 771 768 864 AND
4 1 777 774 771 769 865 AND
4 1 777 774 771 770 866 AND
4 1 777 774 771 643 867 AND
3 1 777 774 771 868 AND
3 1 777 774 772 869 AND
3 1 777 774 773 870 AND
3 1 777 774 647 871 AND
2 1 777 774 872 AND
2 1 777 775 873 AND
2 1 777 776 874 AND
2 1 777 651 875 AND
4 1 789 786 783 780 876 AND
4 1 789 786 783 781 877 AND
4 1 789 786 783 782 878 AND
4 1 789 786 783 659 879 AND
3 1 789 786 783 880 AND
3 1 789 786 784 881 AND
3 1 789 786 785 882 AND
3 1 789 786 663 883 AND
2 1 789 786 884 AND
2 1 789 787 885 AND
2 1 789 788 886 AND
2 1 789 667 887 AND
4 1 801 798 795 792 888 AND
4 1 801 798 795 793 889 AND
4 1 801 798 795 794 890 AND
4 1 801 798 795 675 891 AND
3 1 801 798 795 892 AND
3 1 801 798 796 893 AND
3 1 801 798 797 894 AND
3 1 801 798 679 895 AND
2 1 801 798 896 AND
2 1 801 799 897 AND
2 1 801 800 898 AND
2 1 801 683 899 AND
4 1 813 810 807 804 900 AND
4 1 813 810 807 805 901 AND
4 1 813 810 807 806 902 AND
4 1 813 810 807 691 903 AND
3 1 813 810 807 904 AND
3 1 813 810 808 905 AND
3 1 813 810 809 906 AND
3 1 813 810 695 907 AND
2 1 813 810 908 AND
2 1 813 811 909 AND
2 1 813 812 910 AND
2 1 813 699 911 AND
4 1 825 822 819 816 912 AND
4 1 825 822 819 817 913 AND
4 1 825 822 819 818 914 AND
4 1 825 822 819 707 915 AND
3 1 825 822 819 916 AND
3 1 825 822 820 917 AND
3 1 825 822 821 918 AND
3 1 825 822 711 919 AND
2 1 825 822 920 AND
2 1 825 823 921 AND
2 1 825 824 922 AND
2 1 825 715 923 AND
4 1 837 834 831 828 924 AND
4 1 837 834 831 829 925 AND
4 1 837 834 831 830 926 AND
4 1 837 834 831 723 927 AND
3 1 837 834 831 928 AND
3 1 837 834 832 929 AND
3 1 837 834 833 930 AND
3 1 837 834 727 931 AND
2 1 837 834 932 AND
2 1 837 835 933 AND
2 1 837 836 934 AND
2 1 837 731 935 AND
4 1 849 846 843 840 936 AND
4 1 849 846 843 841 937 AND
4 1 849 846 843 842 938 AND
4 1 849 846 843 739 939 AND
3 1 849 846 843 940 AND
3 1 849 846 844 941 AND
3 1 849 846 845 942 AND
3 1 849 846 743 943 AND
2 1 849 846 944 AND
2 1 849 847 945 AND
2 1 849 848 946 AND
2 1 849 747 947 AND
4 1 861 858 855 852 948 AND
4 1 861 858 855 853 949 AND
4 1 861 858 855 854 950 AND
4 1 861 858 855 755 951 AND
3 1 861 858 855 952 AND
3 1 861 858 856 953 AND
3 1 861 858 857 954 AND
3 1 861 858 759 955 AND
2 1 861 858 956 AND
2 1 861 859 957 AND
2 1 861 860 958 AND
2 1 861 763 959 AND
4 1 900 888 876 864 960 AND
4 1 900 888 876 865 961 AND
4 1 900 888 876 866 962 AND
4 1 900 888 876 867 963 AND
4 1 900 888 876 868 964 AND
4 1 900 888 876 869 965 AND
4 1 900 888 876 870 966 AND
4 1 900 888 876 871 967 AND
4 1 900 888 876 872 968 AND
4 1 900 888 876 873 969 AND
4 1 900 888 876 874 970 AND
4 1 900 888 876 875 971 AND
4 1 900 888 876 777 972 AND
4 1 900 888 876 778 973 AND
4 1 900 888 876 779 974 AND
4 1 900 888 876 655 975 AND
3 1 900 888 876 976 AND
3 1 900 888 877 977 AND
3 1 900 888 878 978 AND
3 1 900 888 879 979 AND
3 1 900 888 880 980 AND
3 1 900 888 881 981 AND
3 1 900 888 882 982 AND
3 1 900 888 883 983 AND
3 1 900 888 884 984 AND
3 1 900 888 885 985 AND
3 1 900 888 886 986 AND
3 1 900 888 887 987 AND
3 1 900 888 789 988 AND
3 1 900 888 790 989 AND
3 1 900 888 791 990 AND
3 1 900 888 671 991 AND
2 1 900 888 992 AND
2 1 900 889 993 AND
2 1 900 890 994 AND
2 1 900 891 995 AND
2 1 900 892 996 AND
2 1 900 893 997 AND
2 1 900 894 998 AND
2 1 900 895 999 AND
2 1 900 896 1000 AND
2 1 900 897 1001 AND
2 1 900 898 1002 AND
2 1 900 899 1003 AND
2 1 900 801 1004 AND
2 1 900 802 1005 AND
2 1 900 803 1006 AND
2 1 900 687 1007 AND
4 1 948 936 924 912 1008 AND
4 1 948 936 924 913 1009 AND
4 1 948 936 924 914 1010 AND
4 1 948 936 924 915 1011 AND
4 1 948 936 924 916 1012 AND
4 1 948 936 924 917 1013 AND
4 1 948 936 924 918 1014 AND
4 1 948 936 924 919 1015 AND
4 1 948 936 924 920 1016 AND
4 1 948 936 924 921 1017 AND
4 1 948 936 924 922 1018 AND
4 1 948 936 924 923 1019 AND
4 1 948 936 924 825 1020 AND
4 1 948 936 924 826 1021 AND
4 1 948 936 924 827 1022 AND
4 1 948 936 924 719 1023 AND
3 1 948 936 924 1024 AND
3 1 948 936 925 1025 AND
3 1 948 936 926 1026 AND
3 1 948 936 927 1027 AND
3 1 948 936 928 1028 AND
3 1 948 936 929 1029 AND
3 1 948 936 930 1030 AND
3 1 948 936 931 1031 AND
3 1 948 936 932 1032 AND
3 1 948 936 933 1033 AND
3 1 948 936 934 1034 AND
3 1 948 936 935 1035 AND
3 1 948 936 837 1036 AND
3 1 948 936 838 1037 AND
3 1 948 936 839 1038 AND
3 1 948 936 735 1039 AND
2 1 948 936 1040 AND
2 1 948 937 1041 AND
2 1 948 938 1042 AND
2 1 948 939 1043 AND
2 1 948 940 1044 AND
2 1 948 941 1045 AND
2 1 948 942 1046 AND
2 1 948 943 1047 AND
2 1 948 944 1048 AND
2 1 948 945 1049 AND
2 1 948 946 1050 AND
2 1 948 947 1051 AND
2 1 948 849 1052 AND
2 1 948 850 1053 AND
2 1 948 851 1054 AND
2 1 948 751 1055 AND
2 1 1008 960 1056 AND
2 1 1008 961 1057 AND
2 1 1008 962 1058 AND
2 1 1008 963 1059 AND
2 1 1008 964 1060 AND
2 1 1008 965 1061 AND
2 1 1008 966 1062 AND
2 1 1008 967 1063 AND
2 1 1008 968 1064 AND
2 1 1008 969 1065 AND
2 1 1008 970 1066 AND
2 1 1008 971 1067 AND
2 1 1008 972 1068 AND
2 1 1008 973 1069 AND
2 1 1008 974 1070 AND
2 1 1008 975 1071 AND
2 1 1008 976 1072 AND
2 1 1008 977 1073 AND
2 1 1008 978 1074 AND
2 1 1008 979 1075 AND
2 1 1008 980 1076 AND
2 1 1008 981 1077 AND
2 1 1008 982 1078 AND
2 1 1008 983 1079 AND
2 1 1008 984 1080 AND
2 1 1008 985 1081 AND
2 1 1008 986 1082 AND
2 1 1008 987 1083 AND
2 1 1008 988 1084 AND
2 1 1008 989 1085 AND
2 1 1008 990 1086 AND
2 1 1008 991 1087 AND
2 1 1008 992 1088 AND
2 1 1008 993 1089 AND
2 1 1008 994 1090 AND
2 1 1008 995 1091 AND
2 1 1008 996 1092 AND
2 1 1008 997 1093 AND
2 1 1008 998 1094 AND
2 1 1008 999 1095 AND
2 1 1008 1000 1096 AND
2 1 1008 1001 1097 AND
2 1 1008 1002 1098 AND
2 1 1008 1003 1099 AND
2 1 1008 1004 1100 AND
2 1 1008 1005 1101 AND
2 1 1008 1006 1102 AND
2 1 1008 1007 1103 AND
2 1 1008 900 1104 AND
2 1 1008 901 1105 AND
2 1 1008 902 1106 AND
2 1 1008 903 1107 AND
2 1 1008 904 1108 AND
2 1 1008 905 1109 AND
2 1 1008 906 1110 AND
2 1 1008 907 1111 AND
2 1 1008 908 1112 AND
2 1 1008 909 1113 AND
2 1 1008 910 1114 AND
2 1 1008 911 1115 AND
2 1 1008 813 1116 AND
2 1 1008 814 1117 AND
2 1 1008 815 1118 AND
2 1 1008 703 1119 AND
3 1 0 384 1057 1120 AND
3 1 1 385 1058 1121 AND
3 1 2 386 1059 1122 AND
3 1 3 387 1060 1123 AND
3 1 4 388 1061 1124 AND
3 1 5 389 1062 1125 AND
3 1 6 390 1063 1126 AND
3 1 7 391 1064 1127 AND
3 1 8 392 1065 1128 AND
3 1 9 393 1066 1129 AND
3 1 10 394 1067 1130 AND
3 1 11 395 1068 1131 AND
3 1 12 396 1069 1132 AND
3 1 13 397 1070 1133 AND
3 1 14 398 1071 1134 AND
3 1 15 399 1072 1135 AND
3 1 16 400 1073 1136 AND
3 1 17 401 1074 1137 AND
3 1 18 402 1075 1138 AND
3 1 19 403 1076 1139 AND
3 1 20 404 1077 1140 AND
3 1 21 405 1078 1141 AND
3 1 22 406 1079 1142 AND
3 1 23 407 1080 1143 AND
3 1 24 408 1081 1144 AND
3 1 25 409 1082 1145 AND
3 1 26 410 1083 1146 AND
3 1 27 411 1084 1147 AND
3 1 28 412 1085 1148 AND
3 1 29 413 1086 1149 AND
3 1 30 414 1087 1150 AND
3 1 31 415 1088 1151 AND
3 1 32 416 1089 1152 AND
3 1 33 417 1090 1153 AND
3 1 34 418 1091 1154 AND
3 1 35 419 1092 1155 AND
3 1 36 420 1093 1156 AND
3 1 37 421 1094 1157 AND
3 1 38 422 1095 1158 AND
3 1 39 423 1096 1159 AND
3 1 40 424 1097 1160 AND
3 1 41 425 1098 1161 AND
3 1 42 426 1099 1162 AND
3 1 43 427 1100 1163 AND
3 1 44 428 1101 1164 AND
3 1 45 429 1102 1165 AND
3 1 46 430 1103 1166 AND
3 1 47 431 1104 1167 AND
3 1 48 432 1105 1168 AND
3 1 49 433 1106 1169 AND
3 1 50 434 1107 1170 AND
3 1 51 435 1108 1171 AND
3 1 52 436 1109 1172 AND
3 1 53 437 1110 1173 AND
3 1 54 438 1111 1174 AND
3 1 55 439 1112 1175 AND
3 1 56 440 1113 1176 AND
3 1 57 441 1114 1177 AND
3 1 58 442 1115 1178 AND
3 1 59 443 1116 1179 AND
3 1 60 444 1117 1180 AND
3 1 61 445 1118 1181 AND
3 1 62 446 1119 1182 AND
3 1 63 447 1008 1183 AND
3 1 64 448 1009 1184 AND
3 1 65 449 1010 1185 AND
3 1 66 450 1011 1186 AND
3 1 67 451 1012 1187 AND
3 1 68 452 1013 1188 AND
3 1 69 453 1014 1189 AND
3 1 70 454 1015 1190 AND
3 1 71 455 1016 1191 AND
3 1 72 456 1017 1192 AND
3 1 73 457 1018 1193 AND
3 1 74 458 1019 1194 AND
3 1 75 459 1020 1195 AND
3 1 76 460 1021 1196 AND
3 1 77 461 1022 1197 AND
3 1 78 462 1023 1198 AND
3 1 79 463 1024 1199 AND
3 1 80 464 1025 1200 AND
3 1 81 465 1026 1201 AND
3 1 82 466 1027 1202 AND
3 1 83 467 1028 1203 AND
3 1 84 468 1029 1204 AND
3 1 85 469 1030 1205 AND
3 1 86 470 1031 1206 AND
3 1 87 471 1032 1207 AND
3 1 88 472 1033 1208 AND
3 1 89 473 1034 1209 AND
3 1 90 474 1035 1210 AND
3 1 91 475 1036 1211 AND
3 1 92 476 1037 1212 AND
3 1 93 477 1038 1213 AND
3 1 94 478 1039 1214 AND
3 1 95 479 1040 1215 AND
3 1 96 480 1041 1216 AND
3 1 97 481 1042 1217 AND
3 1 98 482 1043 1218 AND
3 1 99 483 1044 1219 AND
3 1 100 484 1045 1220 AND
3 1 101 485 1046 1221 AND
3 1 102 486 1047 1222 AND
3 1 103 487 1048 1223 AND
3 1 104 488 1049 1224 AND
3 1 105 489 1050 1225 AND
3 1 106 490 1051 1226 AND
3 1 107 491 1052 1227 AND
3 1 108 492 1053 1228 AND
3 1 109 493 1054 1229 AND
3 1 110 494 1055 1230 AND
3 1 111 495 948 1231 AND
3 1 112 496 949 1232 AND
3 1 113 497 950 1233 AND
3 1 114 498 951 1234 AND
3 1 115 499 952 1235 AND
3 1 116 500 953 1236 AND
3 1 117 501 954 1237 AND
3 1 118 502 955 1238 AND
3 1 119 503 956 1239 AND
3 1 120 504 957 1240 AND
3 1 121 505 958 1241 AND
3 1 122 506 959 1242 AND
3 1 123 507 861 1243 AND
3 1 124 508 862 1244 AND
3 1 125 509 863 1245 AND
3 1 126 510 767 1246 AND
1 1 767 1247 EQW
2 1 1120 1121 1248 XOR
2 1 1248 1122 1249 XOR
2 1 1249 1123 1250 XOR
2 1 1250 1124 1251 XOR
2 1 1251 1125 1252 XOR
2 1 1252 1126 1253 XOR
2 1 1253 1127 1254 XOR
2 1 1254 1128 1255 XOR
2 1 1255 1129 1256 XOR
2 1 1256 1130 1257 XOR
2 1 1257 1131 1258 XOR
2 1 1258 1132 1259 XOR
2 1 1259 1133 1260 XOR
2 1 1260 1134 1261 XOR
2 1 1261 1135 1262 XOR
2 1 1262 1136 1263 XOR
2 1 1263 1137 1264 XOR
2 1 1264 1138 1265 XOR
2 1 1265 1139 1266 XOR
2 1 1266 1140 1267 XOR
2 1 1267 1141 1268 XOR
2 1 1268 1142 1269 XOR
2 1 1269 1143 1270 XOR
2 1 1270 1144 1271 XOR
2 1 1271 1145 1272 XOR
2 1 1272 1146 1273 XOR
2 1 1273 1147 1274 XOR
2 1 1274 1148 1275 XOR
2 1 1275 1149 1276 XOR
2 1 1276 1150 1277 XOR
2 1 1277 1151 1278 XOR
2 1 1278 1152 1279 XOR
2 1 1279 1153 1280 XOR
2 1 1280 1154 1281 XOR
2 1 1281 1155 1282 XOR
2 1 1282 1156 1283 XOR
2 1 1283 1157 1284 XOR
2 1 1284 1158 1285 XOR
2 1 1285 1159 1286 XOR
2 1 1286 1160 1287 XOR
2 1 1287 1161 1288 XOR
2 1 1288 1162 1289 XOR
2 1 1289 1163 1290 XOR
2 1 1290 1164 1291 XOR
2 1 1291 1165 1292 XOR
2 1 1292 1166 1293 XOR
2 1 1293 1167 1294 XOR
2 1 1294 1168 1295 XOR
2 1 1295 1169 1296 XOR
2 1 1296 1170 1297 XOR
2 1 1297 1171 1298 XOR
2 1 1298 1172 1299 XOR
2 1 1299 1173 1300 XOR
2 1 1300 1174 1301 XOR
2 1 1301 1175 1302 XOR
2 1 1302 1176 1303 XOR
2 1 1303 1177 1304 XOR
2 1 1304 1178 1305 XOR
2 1 1305 1179 1306 XOR
2 1 1306 1180 1307 XOR
2 1 1307 1181 1308 XOR
2 1 1308 1182 1309 XOR
2 1 1309 1183 1310 XOR
2 1 1310 1184 1311 XOR
2 1 1311 1185 1312 XOR
2 1 1312 1186 1313 XOR
2 1 1313 1187 1314 XOR
2 1 1314 1188 1315 XOR
2 1 1315 1189 1316 XOR
2 1 1316 1190 1317 XOR
2 1 1317 1191 1318 XOR
2 1 1318 1192 1319 XOR
2 1 1319 1193 1320 XOR
2 1 1320 1194 1321 XOR
2 1 1321 1195 1322 XOR
2 1 1322 1196 1323 XOR
2 1 1323 1197 1324 XOR
2 1 1324 1198 1325 XOR
2 1 1325 1199 1326 XOR
2 1 1326 1200 1327 XOR
2 1 1327 1201 1328 XOR
2 1 1328 1202 1329 XOR
2 1 1329 1203 1330 XOR
2 1 1330 1204 1331 XOR
2 1 1331 1205 1332 XOR
2 1 1332 1206 1333 XOR
2 1 1333 1207 1334 XOR
2 1 1334 1208 1335 XOR
2 1 1335 1209 1336 XOR
2 1 1336 1210 1337 XOR
2 1 1337 1211 1338 XOR
2 1 1338 1212 1339 XOR
2 1 1339 1213 1340 XOR
2 1 1340 1214 1341 XOR
2 1 1341 1215 1342 XOR
2 1 1342 1216 1343 XOR
2 1 1343 1217 1344 XOR
2 1 1344 1218 1345 XOR
2 1 1345 1219 1346 XOR
2 1 1346 1220 1347 XOR
2 1 1347 1221 1348 XOR
2 1 1348 1222 1349 XOR
2 1 1349 1223 1350 XOR
2 1 1350 1224 1351 XOR
2 1 1351 1225 1352 XOR
2 1 1352 1226 1353 XOR
2 1 1353 1227 1354 XOR
2 1 1354 1228 1355 XOR
2 1 1355 1229 1356 XOR
2 1 1356 1230 1357 XOR
2 1 1357 1231 1358 XOR
2 1 1358 1232 1359 XOR
2 1 1359 1233 1360 XOR
2 1 1360 1234 1361 XOR
2 1 1361 1235 1362 XOR
2 1 1362 1236 1363 XOR
2 1 1363 1237 1364 XOR
2 1 1364 1238 1365 XOR
2 1 1365 1239 1366 XOR
2 1 1366 1240 1367 XOR
2 1 1367 1241 1368 XOR
2 1 1368 1242 1369 XOR
2 1 1369 1243 1370 XOR
2 1 1370 1244 1371 XOR
2 1 1371 1245 1372 XOR
2 1 1372 1246 1373 XOR
2 1 1373 1247 1374 XOR
