1889 2145
4 64 64 64 64
1 128

2 1 0 128 256 AND
2 1 1 129 257 AND
2 1 2 130 258 AND
2 1 3 131 259 AND
2 1 4 132 260 AND
2 1 5 133 261 AND
2 1 6 134 262 AND
2 1 7 135 263 AND
2 1 8 136 264 AND
2 1 9 137 265 AND
2 1 10 138 266 AND
2 1 11 139 267 AND
2 1 12 140 268 AND
2 1 13 141 269 AND
2 1 14 142 270 AND
2 1 15 143 271 AND
2 1 16 144 272 AND
2 1 17 145 273 AND
2 1 18 146 274 AND
2 1 19 147 275 AND
2 1 20 148 276 AND
2 1 21 149 277 AND
2 1 22 150 278 AND
2 1 23 151 279 AND
2 1 24 152 280 AND
2 1 25 153 281 AND
2 1 26 154 282 AND
2 1 27 155 283 AND
2 1 28 156 284 AND
2 1 29 157 285 AND
2 1 30 158 286 AND
2 1 31 159 287 AND
2 1 32 160 288 AND
2 1 33 161 289 AND
2 1 34 162 290 AND
2 1 35 163 291 AND
2 1 36 164 292 AND
2 1 37 165 293 AND
2 1 38 166 294 AND
2 1 39 167 295 AND
2 1 40 168 296 AND
2 1 41 169 297 AND
2 1 42 170 298 AND
2 1 43 171 299 AND
2 1 44 172 300 AND
2 1 45 173 301 AND
2 1 46 174 302 AND
2 1 47 175 303 AND
2 1 48 176 304 AND
2 1 49 177 305 AND
2 1 50 178 306 AND
2 1 51 179 307 AND
2 1 52 180 308 AND
2 1 53 181 309 AND
2 1 54 182 310 AND
2 1 55 183 311 AND
2 1 56 184 312 AND
2 1 57 185 313 AND
2 1 58 186 314 AND
2 1 59 187 315 AND
2 1 60 188 316 AND
2 1 61 189 317 AND
2 1 62 190 318 AND
2 1 63 191 319 AND
2 1 64 192 320 AND
2 1 65 193 321 AND
2 1 66 194 322 AND
2 1 67 195 323 AND
2 1 68 196 324 AND
2 1 69 197 325 AND
2 1 70 198 326 AND
2 1 71 199 327 AND
2 1 72 200 328 AND
2 1 73 201 329 AND
2 1 74 202 330 AND
2 1 75 203 331 AND
2 1 76 204 332 AND
2 1 77 205 333 AND
2 1 78 206 334 AND
2 1 79 207 335 AND
2 1 80 208 336 AND
2 1 81 209 337 AND
2 1 82 210 338 AND
2 1 83 211 339 AND
2 1 84 212 340 AND
2 1 85 213 341 AND
2 1 86 214 342 AND
2 1 87 215 343 AND
2 1 88 216 344 AND
2 1 89 217 345 AND
2 1 90 218 346 AND
2 1 91 219 347 AND
2 1 92 220 348 AND
2 1 93 221 349 AND
2 1 94 222 350 AND
2 1 95 223 351 AND
2 1 96 224 352 AND
2 1 97 225 353 AND
2 1 98 226 354 AND
2 1 99 227 355 AND
2 1 100 228 356 AND
2 1 101 229 357 AND
2 1 102 230 358 AND
2 1 103 231 359 AND
2 1 104 232 360 AND
2 1 105 233 361 AND
2 1 106 234 362 AND
2 1 107 235 363 AND
2 1 108 236 364 AND
2 1 109 237 365 AND
2 1 110 238 366 AND
2 1 111 239 367 AND
2 1 112 240 368 AND
2 1 113 241 369 AND
2 1 114 242 370 AND
2 1 115 243 371 AND
2 1 116 244 372 AND
2 1 117 245 373 AND
2 1 118 246 374 AND
2 1 119 247 375 AND
2 1 120 248 376 AND
2 1 121 249 377 AND
2 1 122 250 378 AND
2 1 123 251 379 AND
2 1 124 252 380 AND
2 1 125 253 381 AND
2 1 126 254 382 AND
2 1 127 255 383 AND
2 1 0 128 384 XOR
2 1 1 129 385 XOR
2 1 2 130 386 XOR
2 1 3 131 387 XOR
2 1 4 132 388 XOR
2 1 5 133 389 XOR
2 1 6 134 390 XOR
2 1 7 135 391 XOR
2 1 8 136 392 XOR
2 1 9 137 393 XOR
2 1 10 138 394 XOR
2 1 11 139 395 XOR
2 1 12 140 396 XOR
2 1 13 141 397 XOR
2 1 14 142 398 XOR
2 1 15 143 399 XOR
2 1 16 144 400 XOR
2 1 17 145 401 XOR
2 1 18 146 402 XOR
2 1 19 147 403 XOR
2 1 20 148 404 XOR
2 1 21 149 405 XOR
2 1 22 150 406 XOR
2 1 23 151 407 XOR
2 1 24 152 408 XOR
2 1 25 153 409 XOR
2 1 26 154 410 XOR
2 1 27 155 411 XOR
2 1 28 156 412 XOR
2 1 29 157 413 XOR
2 1 30 158 414 XOR
2 1 31 159 415 XOR
2 1 32 160 416 XOR
2 1 33 161 417 XOR
2 1 34 162 418 XOR
2 1 35 163 419 XOR
2 1 36 164 420 XOR
2 1 37 165 421 XOR
2 1 38 166 422 XOR
2 1 39 167 423 XOR
2 1 40 168 424 XOR
2 1 41 169 425 XOR
2 1 42 170 426 XOR
2 1 43 171 427 XOR
2 1 44 172 428 XOR
2 1 45 173 429 XOR
2 1 46 174 430 XOR
2 1 47 175 431 XOR
2 1 48 176 432 XOR
2 1 49 177 433 XOR
2 1 50 178 434 XOR
2 1 51 179 435 XOR
2 1 52 180 436 XOR
2 1 53 181 437 XOR
2 1 54 182 438 XOR
2 1 55 183 439 XOR
2 1 56 184 440 XOR
2 1 57 185 441 XOR
2 1 58 186 442 XOR
2 1 59 187 443 XOR
2 1 60 188 444 XOR
2 1 61 189 445 XOR
2 1 62 190 446 XOR
2 1 63 191 447 XOR
2 1 64 192 448 XOR
2 1 65 193 449 XOR
2 1 66 194 450 XOR
2 1 67 195 451 XOR
2 1 68 196 452 XOR
2 1 69 197 453 XOR
2 1 70 198 454 XOR
2 1 71 199 455 XOR
2 1 72 200 456 XOR
2 1 73 201 457 XOR
2 1 74 202 458 XOR
2 1 75 203 459 XOR
2 1 76 204 460 XOR
2 1 77 205 461 XOR
2 1 78 206 462 XOR
2 1 79 207 463 XOR
2 1 80 208 464 XOR
2 1 81 209 465 XOR
2 1 82 210 466 XOR
2 1 83 211 467 XOR
2 1 84 212 468 XOR
2 1 85 213 469 XOR
2 1 86 214 470 XOR
2 1 87 215 471 XOR
2 1 88 216 472 XOR
2 1 89 217 473 XOR
2 1 90 218 474 XOR
2 1 91 219 475 XOR
2 1 92 220 476 XOR
2 1 93 221 477 XOR
2 1 94 222 478 XOR
2 1 95 223 479 XOR
2 1 96 224 480 XOR
2 1 97 225 481 XOR
2 1 98 226 482 XOR
2 1 99 227 483 XOR
2 1 100 228 484 XOR
2 1 101 229 485 XOR
2 1 102 230 486 XOR
2 1 103 231 487 XOR
2 1 104 232 488 XOR
2 1 105 233 489 XOR
2 1 106 234 490 XOR
2 1 107 235 491 XOR
2 1 108 236 492 XOR
2 1 109 237 493 XOR
2 1 110 238 494 XOR
2 1 111 239 495 XOR
2 1 112 240 496 XOR
2 1 113 241 497 XOR
2 1 114 242 498 XOR
2 1 115 243 499 XOR
2 1 116 244 500 XOR
2 1 117 245 501 XOR
2 1 118 246 502 XOR
2 1 119 247 503 XOR
2 1 120 248 504 XOR
2 1 121 249 505 XOR
2 1 122 250 506 XOR
2 1 123 251 507 XOR
2 1 124 252 508 XOR
2 1 125 253 509 XOR
2 1 126 254 510 XOR
2 1 127 255 511 XOR
2 1 511 382 512 AND
3 1 511 510 381 513 AND
2 1 512 513 514 XOR
4 1 511 510 509 380 515 AND
2 1 514 515 516 XOR
2 1 383 516 517 XOR
4 1 511 510 509 508 518 AND
2 1 510 381 519 AND
3 1 510 509 380 520 AND
2 1 519 520 521 XOR
2 1 382 521 522 XOR
3 1 510 509 508 523 AND
2 1 509 380 524 AND
2 1 381 524 525 XOR
2 1 509 508 526 AND
2 1 507 378 527 AND
3 1 507 506 377 528 AND
2 1 527 528 529 XOR
4 1 507 506 505 376 530 AND
2 1 529 530 531 XOR
2 1 379 531 532 XOR
4 1 507 506 505 504 533 AND
2 1 506 377 534 AND
3 1 506 505 376 535 AND
2 1 534 535 536 XOR
2 1 378 536 537 XOR
3 1 506 505 504 538 AND
2 1 505 376 539 AND
2 1 377 539 540 XOR
2 1 505 504 541 AND
2 1 503 374 542 AND
3 1 503 502 373 543 AND
2 1 542 543 544 XOR
4 1 503 502 501 372 545 AND
2 1 544 545 546 XOR
2 1 375 546 547 XOR
4 1 503 502 501 500 548 AND
2 1 502 373 549 AND
3 1 502 501 372 550 AND
2 1 549 550 551 XOR
2 1 374 551 552 XOR
3 1 502 501 500 553 AND
2 1 501 372 554 AND
2 1 373 554 555 XOR
2 1 501 500 556 AND
2 1 499 370 557 AND
3 1 499 498 369 558 AND
2 1 557 558 559 XOR
4 1 499 498 497 368 560 AND
2 1 559 560 561 XOR
2 1 371 561 562 XOR
4 1 499 498 497 496 563 AND
2 1 498 369 564 AND
3 1 498 497 368 565 AND
2 1 564 565 566 XOR
2 1 370 566 567 XOR
3 1 498 497 496 568 AND
2 1 497 368 569 AND
2 1 369 569 570 XOR
2 1 497 496 571 AND
2 1 495 366 572 AND
3 1 495 494 365 573 AND
2 1 572 573 574 XOR
4 1 495 494 493 364 575 AND
2 1 574 575 576 XOR
2 1 367 576 577 XOR
4 1 495 494 493 492 578 AND
2 1 494 365 579 AND
3 1 494 493 364 580 AND
2 1 579 580 581 XOR
2 1 366 581 582 XOR
3 1 494 493 492 583 AND
2 1 493 364 584 AND
2 1 365 584 585 XOR
2 1 493 492 586 AND
2 1 491 362 587 AND
3 1 491 490 361 588 AND
2 1 587 588 589 XOR
4 1 491 490 489 360 590 AND
2 1 589 590 591 XOR
2 1 363 591 592 XOR
4 1 491 490 489 488 593 AND
2 1 490 361 594 AND
3 1 490 489 360 595 AND
2 1 594 595 596 XOR
2 1 362 596 597 XOR
3 1 490 489 488 598 AND
2 1 489 360 599 AND
2 1 361 599 600 XOR
2 1 489 488 601 AND
2 1 487 358 602 AND
3 1 487 486 357 603 AND
2 1 602 603 604 XOR
4 1 487 486 485 356 605 AND
2 1 604 605 606 XOR
2 1 359 606 607 XOR
4 1 487 486 485 484 608 AND
2 1 486 357 609 AND
3 1 486 485 356 610 AND
2 1 609 610 611 XOR
2 1 358 611 612 XOR
3 1 486 485 484 613 AND
2 1 485 356 614 AND
2 1 357 614 615 XOR
2 1 485 484 616 AND
2 1 483 354 617 AND
3 1 483 482 353 618 AND
2 1 617 618 619 XOR
4 1 483 482 481 352 620 AND
2 1 619 620 621 XOR
2 1 355 621 622 XOR
4 1 483 482 481 480 623 AND
2 1 482 353 624 AND
3 1 482 481 352 625 AND
2 1 624 625 626 XOR
2 1 354 626 627 XOR
3 1 482 481 480 628 AND
2 1 481 352 629 AND
2 1 353 629 630 XOR
2 1 481 480 631 AND
2 1 479 350 632 AND
3 1 479 478 349 633 AND
2 1 632 633 634 XOR
4 1 479 478 477 348 635 AND
2 1 634 635 636 XOR
2 1 351 636 637 XOR
4 1 479 478 477 476 638 AND
2 1 478 349 639 AND
3 1 478 477 348 640 AND
2 1 639 640 641 XOR
2 1 350 641 642 XOR
3 1 478 477 476 643 AND
2 1 477 348 644 AND
2 1 349 644 645 XOR
2 1 477 476 646 AND
2 1 475 346 647 AND
3 1 475 474 345 648 AND
2 1 647 648 649 XOR
4 1 475 474 473 344 650 AND
2 1 649 650 651 XOR
2 1 347 651 652 XOR
4 1 475 474 473 472 653 AND
2 1 474 345 654 AND
3 1 474 473 344 655 AND
2 1 654 655 656 XOR
2 1 346 656 657 XOR
3 1 474 473 472 658 AND
2 1 473 344 659 AND
2 1 345 659 660 XOR
2 1 473 472 661 AND
2 1 471 342 662 AND
3 1 471 470 341 663 AND
2 1 662 663 664 XOR
4 1 471 470 469 340 665 AND
2 1 664 665 666 XOR
2 1 343 666 667 XOR
4 1 471 470 469 468 668 AND
2 1 470 341 669 AND
3 1 470 469 340 670 AND
2 1 669 670 671 XOR
2 1 342 671 672 XOR
3 1 470 469 468 673 AND
2 1 469 340 674 AND
2 1 341 674 675 XOR
2 1 469 468 676 AND
2 1 467 338 677 AND
3 1 467 466 337 678 AND
2 1 677 678 679 XOR
4 1 467 466 465 336 680 AND
2 1 679 680 681 XOR
2 1 339 681 682 XOR
4 1 467 466 465 464 683 AND
2 1 466 337 684 AND
3 1 466 465 336 685 AND
2 1 684 685 686 XOR
2 1 338 686 687 XOR
3 1 466 465 464 688 AND
2 1 465 336 689 AND
2 1 337 689 690 XOR
2 1 465 464 691 AND
2 1 463 334 692 AND
3 1 463 462 333 693 AND
2 1 692 693 694 XOR
4 1 463 462 461 332 695 AND
2 1 694 695 696 XOR
2 1 335 696 697 XOR
4 1 463 462 461 460 698 AND
2 1 462 333 699 AND
3 1 462 461 332 700 AND
2 1 699 700 701 XOR
2 1 334 701 702 XOR
3 1 462 461 460 703 AND
2 1 461 332 704 AND
2 1 333 704 705 XOR
2 1 461 460 706 AND
2 1 459 330 707 AND
3 1 459 458 329 708 AND
2 1 707 708 709 XOR
4 1 459 458 457 328 710 AND
2 1 709 710 711 XOR
2 1 331 711 712 XOR
4 1 459 458 457 456 713 AND
2 1 458 329 714 AND
3 1 458 457 328 715 AND
2 1 714 715 716 XOR
2 1 330 716 717 XOR
3 1 458 457 456 718 AND
2 1 457 328 719 AND
2 1 329 719 720 XOR
2 1 457 456 721 AND
2 1 455 326 722 AND
3 1 455 454 325 723 AND
2 1 722 723 724 XOR
4 1 455 454 453 324 725 AND
2 1 724 725 726 XOR
2 1 327 726 727 XOR
4 1 455 454 453 452 728 AND
2 1 454 325 729 AND
3 1 454 453 324 730 AND
2 1 729 730 731 XOR
2 1 326 731 732 XOR
3 1 454 453 452 733 AND
2 1 453 324 734 AND
2 1 325 734 735 XOR
2 1 453 452 736 AND
2 1 451 322 737 AND
3 1 451 450 321 738 AND
2 1 737 738 739 XOR
4 1 451 450 449 320 740 AND
2 1 739 740 741 XOR
2 1 323 741 742 XOR
4 1 451 450 449 448 743 AND
2 1 450 321 744 AND
3 1 450 449 320 745 AND
2 1 744 745 746 XOR
2 1 322 746 747 XOR
3 1 450 449 448 748 AND
2 1 449 320 749 AND
2 1 321 749 750 XOR
2 1 449 448 751 AND
2 1 447 318 752 AND
3 1 447 446 317 753 AND
2 1 752 753 754 XOR
4 1 447 446 445 316 755 AND
2 1 754 755 756 XOR
2 1 319 756 757 XOR
4 1 447 446 445 444 758 AND
2 1 446 317 759 AND
3 1 446 445 316 760 AND
2 1 759 760 761 XOR
2 1 318 761 762 XOR
3 1 446 445 444 763 AND
2 1 445 316 764 AND
2 1 317 764 765 XOR
2 1 445 444 766 AND
2 1 443 314 767 AND
3 1 443 442 313 768 AND
2 1 767 768 769 XOR
4 1 443 442 441 312 770 AND
2 1 769 770 771 XOR
2 1 315 771 772 XOR
4 1 443 442 441 440 773 AND
2 1 442 313 774 AND
3 1 442 441 312 775 AND
2 1 774 775 776 XOR
2 1 314 776 777 XOR
3 1 442 441 440 778 AND
2 1 441 312 779 AND
2 1 313 779 780 XOR
2 1 441 440 781 AND
2 1 439 310 782 AND
3 1 439 438 309 783 AND
2 1 782 783 784 XOR
4 1 439 438 437 308 785 AND
2 1 784 785 786 XOR
2 1 311 786 787 XOR
4 1 439 438 437 436 788 AND
2 1 438 309 789 AND
3 1 438 437 308 790 AND
2 1 789 790 791 XOR
2 1 310 791 792 XOR
3 1 438 437 436 793 AND
2 1 437 308 794 AND
2 1 309 794 795 XOR
2 1 437 436 796 AND
2 1 435 306 797 AND
3 1 435 434 305 798 AND
2 1 797 798 799 XOR
4 1 435 434 433 304 800 AND
2 1 799 800 801 XOR
2 1 307 801 802 XOR
4 1 435 434 433 432 803 AND
2 1 434 305 804 AND
3 1 434 433 304 805 AND
2 1 804 805 806 XOR
2 1 306 806 807 XOR
3 1 434 433 432 808 AND
2 1 433 304 809 AND
2 1 305 809 810 XOR
2 1 433 432 811 AND
2 1 431 302 812 AND
3 1 431 430 301 813 AND
2 1 812 813 814 XOR
4 1 431 430 429 300 815 AND
2 1 814 815 816 XOR
2 1 303 816 817 XOR
4 1 431 430 429 428 818 AND
2 1 430 301 819 AND
3 1 430 429 300 820 AND
2 1 819 820 821 XOR
2 1 302 821 822 XOR
3 1 430 429 428 823 AND
2 1 429 300 824 AND
2 1 301 824 825 XOR
2 1 429 428 826 AND
2 1 427 298 827 AND
3 1 427 426 297 828 AND
2 1 827 828 829 XOR
4 1 427 426 425 296 830 AND
2 1 829 830 831 XOR
2 1 299 831 832 XOR
4 1 427 426 425 424 833 AND
2 1 426 297 834 AND
3 1 426 425 296 835 AND
2 1 834 835 836 XOR
2 1 298 836 837 XOR
3 1 426 425 424 838 AND
2 1 425 296 839 AND
2 1 297 839 840 XOR
2 1 425 424 841 AND
2 1 423 294 842 AND
3 1 423 422 293 843 AND
2 1 842 843 844 XOR
4 1 423 422 421 292 845 AND
2 1 844 845 846 XOR
2 1 295 846 847 XOR
4 1 423 422 421 420 848 AND
2 1 422 293 849 AND
3 1 422 421 292 850 AND
2 1 849 850 851 XOR
2 1 294 851 852 XOR
3 1 422 421 420 853 AND
2 1 421 292 854 AND
2 1 293 854 855 XOR
2 1 421 420 856 AND
2 1 419 290 857 AND
3 1 419 418 289 858 AND
2 1 857 858 859 XOR
4 1 419 418 417 288 860 AND
2 1 859 860 861 XOR
2 1 291 861 862 XOR
4 1 419 418 417 416 863 AND
2 1 418 289 864 AND
3 1 418 417 288 865 AND
2 1 864 865 866 XOR
2 1 290 866 867 XOR
3 1 418 417 416 868 AND
2 1 417 288 869 AND
2 1 289 869 870 XOR
2 1 417 416 871 AND
2 1 415 286 872 AND
3 1 415 414 285 873 AND
2 1 872 873 874 XOR
4 1 415 414 413 284 875 AND
2 1 874 875 876 XOR
2 1 287 876 877 XOR
4 1 415 414 413 412 878 AND
2 1 414 285 879 AND
3 1 414 413 284 880 AND
2 1 879 880 881 XOR
2 1 286 881 882 XOR
3 1 414 413 412 883 AND
2 1 413 284 884 AND
2 1 285 884 885 XOR
2 1 413 412 886 AND
2 1 411 282 887 AND
3 1 411 410 281 888 AND
2 1 887 888 889 XOR
4 1 411 410 409 280 890 AND
2 1 889 890 891 XOR
2 1 283 891 892 XOR
4 1 411 410 409 408 893 AND
2 1 410 281 894 AND
3 1 410 409 280 895 AND
2 1 894 895 896 XOR
2 1 282 896 897 XOR
3 1 410 409 408 898 AND
2 1 409 280 899 AND
2 1 281 899 900 XOR
2 1 409 408 901 AND
2 1 407 278 902 AND
3 1 407 406 277 903 AND
2 1 902 903 904 XOR
4 1 407 406 405 276 905 AND
2 1 904 905 906 XOR
2 1 279 906 907 XOR
4 1 407 406 405 404 908 AND
2 1 406 277 909 AND
3 1 406 405 276 910 AND
2 1 909 910 911 XOR
2 1 278 911 912 XOR
3 1 406 405 404 913 AND
2 1 405 276 914 AND
2 1 277 914 915 XOR
2 1 405 404 916 AND
2 1 403 274 917 AND
3 1 403 402 273 918 AND
2 1 917 918 919 XOR
4 1 403 402 401 272 920 AND
2 1 919 920 921 XOR
2 1 275 921 922 XOR
4 1 403 402 401 400 923 AND
2 1 402 273 924 AND
3 1 402 401 272 925 AND
2 1 924 925 926 XOR
2 1 274 926 927 XOR
3 1 402 401 400 928 AND
2 1 401 272 929 AND
2 1 273 929 930 XOR
2 1 401 400 931 AND
2 1 399 270 932 AND
3 1 399 398 269 933 AND
2 1 932 933 934 XOR
4 1 399 398 397 268 935 AND
2 1 934 935 936 XOR
2 1 271 936 937 XOR
4 1 399 398 397 396 938 AND
2 1 398 269 939 AND
3 1 398 397 268 940 AND
2 1 939 940 941 XOR
2 1 270 941 942 XOR
3 1 398 397 396 943 AND
2 1 397 268 944 AND
2 1 269 944 945 XOR
2 1 397 396 946 AND
2 1 395 266 947 AND
3 1 395 394 265 948 AND
2 1 947 948 949 XOR
4 1 395 394 393 264 950 AND
2 1 949 950 951 XOR
2 1 267 951 952 XOR
4 1 395 394 393 392 953 AND
2 1 394 265 954 AND
3 1 394 393 264 955 AND
2 1 954 955 956 XOR
2 1 266 956 957 XOR
3 1 394 393 392 958 AND
2 1 393 264 959 AND
2 1 265 959 960 XOR
2 1 393 392 961 AND
2 1 391 262 962 AND
3 1 391 390 261 963 AND
2 1 962 963 964 XOR
4 1 391 390 389 260 965 AND
2 1 964 965 966 XOR
2 1 263 966 967 XOR
4 1 391 390 389 388 968 AND
2 1 390 261 969 AND
3 1 390 389 260 970 AND
2 1 969 970 971 XOR
2 1 262 971 972 XOR
3 1 390 389 388 973 AND
2 1 389 260 974 AND
2 1 261 974 975 XOR
2 1 389 388 976 AND
2 1 387 258 977 AND
3 1 387 386 257 978 AND
2 1 977 978 979 XOR
4 1 387 386 385 256 980 AND
2 1 979 980 981 XOR
2 1 259 981 982 XOR
2 1 386 257 983 AND
3 1 386 385 256 984 AND
2 1 983 984 985 XOR
2 1 258 985 986 XOR
2 1 385 256 987 AND
2 1 257 987 988 XOR
2 1 518 532 989 AND
3 1 518 533 547 990 AND
2 1 989 990 991 XOR
4 1 518 533 548 562 992 AND
2 1 991 992 993 XOR
2 1 517 993 994 XOR
4 1 518 533 548 563 995 AND
2 1 523 532 996 AND
3 1 523 533 547 997 AND
2 1 996 997 998 XOR
4 1 523 533 548 562 999 AND
2 1 998 999 1000 XOR
2 1 522 1000 1001 XOR
4 1 523 533 548 563 1002 AND
2 1 526 532 1003 AND
3 1 526 533 547 1004 AND
2 1 1003 1004 1005 XOR
4 1 526 533 548 562 1006 AND
2 1 1005 1006 1007 XOR
2 1 525 1007 1008 XOR
4 1 526 533 548 563 1009 AND
2 1 508 532 1010 AND
3 1 508 533 547 1011 AND
2 1 1010 1011 1012 XOR
4 1 508 533 548 562 1013 AND
2 1 1012 1013 1014 XOR
2 1 380 1014 1015 XOR
4 1 508 533 548 563 1016 AND
2 1 533 547 1017 AND
3 1 533 548 562 1018 AND
2 1 1017 1018 1019 XOR
2 1 532 1019 1020 XOR
3 1 533 548 563 1021 AND
2 1 538 547 1022 AND
3 1 538 548 562 1023 AND
2 1 1022 1023 1024 XOR
2 1 537 1024 1025 XOR
3 1 538 548 563 1026 AND
2 1 541 547 1027 AND
3 1 541 548 562 1028 AND
2 1 1027 1028 1029 XOR
2 1 540 1029 1030 XOR
3 1 541 548 563 1031 AND
2 1 504 547 1032 AND
3 1 504 548 562 1033 AND
2 1 1032 1033 1034 XOR
2 1 376 1034 1035 XOR
3 1 504 548 563 1036 AND
2 1 548 562 1037 AND
2 1 547 1037 1038 XOR
2 1 548 563 1039 AND
2 1 553 562 1040 AND
2 1 552 1040 1041 XOR
2 1 553 563 1042 AND
2 1 556 562 1043 AND
2 1 555 1043 1044 XOR
2 1 556 563 1045 AND
2 1 500 562 1046 AND
2 1 372 1046 1047 XOR
2 1 500 563 1048 AND
2 1 578 592 1049 AND
3 1 578 593 607 1050 AND
2 1 1049 1050 1051 XOR
4 1 578 593 608 622 1052 AND
2 1 1051 1052 1053 XOR
2 1 577 1053 1054 XOR
4 1 578 593 608 623 1055 AND
2 1 583 592 1056 AND
3 1 583 593 607 1057 AND
2 1 1056 1057 1058 XOR
4 1 583 593 608 622 1059 AND
2 1 1058 1059 1060 XOR
2 1 582 1060 1061 XOR
4 1 583 593 608 623 1062 AND
2 1 586 592 1063 AND
3 1 586 593 607 1064 AND
2 1 1063 1064 1065 XOR
4 1 586 593 608 622 1066 AND
2 1 1065 1066 1067 XOR
2 1 585 1067 1068 XOR
4 1 586 593 608 623 1069 AND
2 1 492 592 1070 AND
3 1 492 593 607 1071 AND
2 1 1070 1071 1072 XOR
4 1 492 593 608 622 1073 AND
2 1 1072 1073 1074 XOR
2 1 364 1074 1075 XOR
4 1 492 593 608 623 1076 AND
2 1 593 607 1077 AND
3 1 593 608 622 1078 AND
2 1 1077 1078 1079 XOR
2 1 592 1079 1080 XOR
3 1 593 608 623 1081 AND
2 1 598 607 1082 AND
3 1 598 608 622 1083 AND
2 1 1082 1083 1084 XOR
2 1 597 1084 1085 XOR
3 1 598 608 623 1086 AND
2 1 601 607 1087 AND
3 1 601 608 622 1088 AND
2 1 1087 1088 1089 XOR
2 1 600 1089 1090 XOR
3 1 601 608 623 1091 AND
2 1 488 607 1092 AND
3 1 488 608 622 1093 AND
2 1 1092 1093 1094 XOR
2 1 360 1094 1095 XOR
3 1 488 608 623 1096 AND
2 1 608 622 1097 AND
2 1 607 1097 1098 XOR
2 1 608 623 1099 AND
2 1 613 622 1100 AND
2 1 612 1100 1101 XOR
2 1 613 623 1102 AND
2 1 616 622 1103 AND
2 1 615 1103 1104 XOR
2 1 616 623 1105 AND
2 1 484 622 1106 AND
2 1 356 1106 1107 XOR
2 1 484 623 1108 AND
2 1 638 652 1109 AND
3 1 638 653 667 1110 AND
2 1 1109 1110 1111 XOR
4 1 638 653 668 682 1112 AND
2 1 1111 1112 1113 XOR
2 1 637 1113 1114 XOR
4 1 638 653 668 683 1115 AND
2 1 643 652 1116 AND
3 1 643 653 667 1117 AND
2 1 1116 1117 1118 XOR
4 1 643 653 668 682 1119 AND
2 1 1118 1119 1120 XOR
2 1 642 1120 1121 XOR
4 1 643 653 668 683 1122 AND
2 1 646 652 1123 AND
3 1 646 653 667 1124 AND
2 1 1123 1124 1125 XOR
4 1 646 653 668 682 1126 AND
2 1 1125 1126 1127 XOR
2 1 645 1127 1128 XOR
4 1 646 653 668 683 1129 AND
2 1 476 652 1130 AND
3 1 476 653 667 1131 AND
2 1 1130 1131 1132 XOR
4 1 476 653 668 682 1133 AND
2 1 1132 1133 1134 XOR
2 1 348 1134 1135 XOR
4 1 476 653 668 683 1136 AND
2 1 653 667 1137 AND
3 1 653 668 682 1138 AND
2 1 1137 1138 1139 XOR
2 1 652 1139 1140 XOR
3 1 653 668 683 1141 AND
2 1 658 667 1142 AND
3 1 658 668 682 1143 AND
2 1 1142 1143 1144 XOR
2 1 657 1144 1145 XOR
3 1 658 668 683 1146 AND
2 1 661 667 1147 AND
3 1 661 668 682 1148 AND
2 1 1147 1148 1149 XOR
2 1 660 1149 1150 XOR
3 1 661 668 683 1151 AND
2 1 472 667 1152 AND
3 1 472 668 682 1153 AND
2 1 1152 1153 1154 XOR
2 1 344 1154 1155 XOR
3 1 472 668 683 1156 AND
2 1 668 682 1157 AND
2 1 667 1157 1158 XOR
2 1 668 683 1159 AND
2 1 673 682 1160 AND
2 1 672 1160 1161 XOR
2 1 673 683 1162 AND
2 1 676 682 1163 AND
2 1 675 1163 1164 XOR
2 1 676 683 1165 AND
2 1 468 682 1166 AND
2 1 340 1166 1167 XOR
2 1 468 683 1168 AND
2 1 698 712 1169 AND
3 1 698 713 727 1170 AND
2 1 1169 1170 1171 XOR
4 1 698 713 728 742 1172 AND
2 1 1171 1172 1173 XOR
2 1 697 1173 1174 XOR
4 1 698 713 728 743 1175 AND
2 1 703 712 1176 AND
3 1 703 713 727 1177 AND
2 1 1176 1177 1178 XOR
4 1 703 713 728 742 1179 AND
2 1 1178 1179 1180 XOR
2 1 702 1180 1181 XOR
4 1 703 713 728 743 1182 AND
2 1 706 712 1183 AND
3 1 706 713 727 1184 AND
2 1 1183 1184 1185 XOR
4 1 706 713 728 742 1186 AND
2 1 1185 1186 1187 XOR
2 1 705 1187 1188 XOR
4 1 706 713 728 743 1189 AND
2 1 460 712 1190 AND
3 1 460 713 727 1191 AND
2 1 1190 1191 1192 XOR
4 1 460 713 728 742 1193 AND
2 1 1192 1193 1194 XOR
2 1 332 1194 1195 XOR
4 1 460 713 728 743 1196 AND
2 1 713 727 1197 AND
3 1 713 728 742 1198 AND
2 1 1197 1198 1199 XOR
2 1 712 1199 1200 XOR
3 1 713 728 743 1201 AND
2 1 718 727 1202 AND
3 1 718 728 742 1203 AND
2 1 1202 1203 1204 XOR
2 1 717 1204 1205 XOR
3 1 718 728 743 1206 AND
2 1 721 727 1207 AND
3 1 721 728 742 1208 AND
2 1 1207 1208 1209 XOR
2 1 720 1209 1210 XOR
3 1 721 728 743 1211 AND
2 1 456 727 1212 AND
3 1 456 728 742 1213 AND
2 1 1212 1213 1214 XOR
2 1 328 1214 1215 XOR
3 1 456 728 743 1216 AND
2 1 728 742 1217 AND
2 1 727 1217 1218 XOR
2 1 728 743 1219 AND
2 1 733 742 1220 AND
2 1 732 1220 1221 XOR
2 1 733 743 1222 AND
2 1 736 742 1223 AND
2 1 735 1223 1224 XOR
2 1 736 743 1225 AND
2 1 452 742 1226 AND
2 1 324 1226 1227 XOR
2 1 452 743 1228 AND
2 1 758 772 1229 AND
3 1 758 773 787 1230 AND
2 1 1229 1230 1231 XOR
4 1 758 773 788 802 1232 AND
2 1 1231 1232 1233 XOR
2 1 757 1233 1234 XOR
4 1 758 773 788 803 1235 AND
2 1 763 772 1236 AND
3 1 763 773 787 1237 AND
2 1 1236 1237 1238 XOR
4 1 763 773 788 802 1239 AND
2 1 1238 1239 1240 XOR
2 1 762 1240 1241 XOR
4 1 763 773 788 803 1242 AND
2 1 766 772 1243 AND
3 1 766 773 787 1244 AND
2 1 1243 1244 1245 XOR
4 1 766 773 788 802 1246 AND
2 1 1245 1246 1247 XOR
2 1 765 1247 1248 XOR
4 1 766 773 788 803 1249 AND
2 1 444 772 1250 AND
3 1 444 773 787 1251 AND
2 1 1250 1251 1252 XOR
4 1 444 773 788 802 1253 AND
2 1 1252 1253 1254 XOR
2 1 316 1254 1255 XOR
4 1 444 773 788 803 1256 AND
2 1 773 787 1257 AND
3 1 773 788 802 1258 AND
2 1 1257 1258 1259 XOR
2 1 772 1259 1260 XOR
3 1 773 788 803 1261 AND
2 1 778 787 1262 AND
3 1 778 788 802 1263 AND
2 1 1262 1263 1264 XOR
2 1 777 1264 1265 XOR
3 1 778 788 803 1266 AND
2 1 781 787 1267 AND
3 1 781 788 802 1268 AND
2 1 1267 1268 1269 XOR
2 1 780 1269 1270 XOR
3 1 781 788 803 1271 AND
2 1 440 787 1272 AND
3 1 440 788 802 1273 AND
2 1 1272 1273 1274 XOR
2 1 312 1274 1275 XOR
3 1 440 788 803 1276 AND
2 1 788 802 1277 AND
2 1 787 1277 1278 XOR
2 1 788 803 1279 AND
2 1 793 802 1280 AND
2 1 792 1280 1281 XOR
2 1 793 803 1282 AND
2 1 796 802 1283 AND
2 1 795 1283 1284 XOR
2 1 796 803 1285 AND
2 1 436 802 1286 AND
2 1 308 1286 1287 XOR
2 1 436 803 1288 AND
2 1 818 832 1289 AND
3 1 818 833 847 1290 AND
2 1 1289 1290 1291 XOR
4 1 818 833 848 862 1292 AND
2 1 1291 1292 1293 XOR
2 1 817 1293 1294 XOR
4 1 818 833 848 863 1295 AND
2 1 823 832 1296 AND
3 1 823 833 847 1297 AND
2 1 1296 1297 1298 XOR
4 1 823 833 848 862 1299 AND
2 1 1298 1299 1300 XOR
2 1 822 1300 1301 XOR
4 1 823 833 848 863 1302 AND
2 1 826 832 1303 AND
3 1 826 833 847 1304 AND
2 1 1303 1304 1305 XOR
4 1 826 833 848 862 1306 AND
2 1 1305 1306 1307 XOR
2 1 825 1307 1308 XOR
4 1 826 833 848 863 1309 AND
2 1 428 832 1310 AND
3 1 428 833 847 1311 AND
2 1 1310 1311 1312 XOR
4 1 428 833 848 862 1313 AND
2 1 1312 1313 1314 XOR
2 1 300 1314 1315 XOR
4 1 428 833 848 863 1316 AND
2 1 833 847 1317 AND
3 1 833 848 862 1318 AND
2 1 1317 1318 1319 XOR
2 1 832 1319 1320 XOR
3 1 833 848 863 1321 AND
2 1 838 847 1322 AND
3 1 838 848 862 1323 AND
2 1 1322 1323 1324 XOR
2 1 837 1324 1325 XOR
3 1 838 848 863 1326 AND
2 1 841 847 1327 AND
3 1 841 848 862 1328 AND
2 1 1327 1328 1329 XOR
2 1 840 1329 1330 XOR
3 1 841 848 863 1331 AND
2 1 424 847 1332 AND
3 1 424 848 862 1333 AND
2 1 1332 1333 1334 XOR
2 1 296 1334 1335 XOR
3 1 424 848 863 1336 AND
2 1 848 862 1337 AND
2 1 847 1337 1338 XOR
2 1 848 863 1339 AND
2 1 853 862 1340 AND
2 1 852 1340 1341 XOR
2 1 853 863 1342 AND
2 1 856 862 1343 AND
2 1 855 1343 1344 XOR
2 1 856 863 1345 AND
2 1 420 862 1346 AND
2 1 292 1346 1347 XOR
2 1 420 863 1348 AND
2 1 878 892 1349 AND
3 1 878 893 907 1350 AND
2 1 1349 1350 1351 XOR
4 1 878 893 908 922 1352 AND
2 1 1351 1352 1353 XOR
2 1 877 1353 1354 XOR
4 1 878 893 908 923 1355 AND
2 1 883 892 1356 AND
3 1 883 893 907 1357 AND
2 1 1356 1357 1358 XOR
4 1 883 893 908 922 1359 AND
2 1 1358 1359 1360 XOR
2 1 882 1360 1361 XOR
4 1 883 893 908 923 1362 AND
2 1 886 892 1363 AND
3 1 886 893 907 1364 AND
2 1 1363 1364 1365 XOR
4 1 886 893 908 922 1366 AND
2 1 1365 1366 1367 XOR
2 1 885 1367 1368 XOR
4 1 886 893 908 923 1369 AND
2 1 412 892 1370 AND
3 1 412 893 907 1371 AND
2 1 1370 1371 1372 XOR
4 1 412 893 908 922 1373 AND
2 1 1372 1373 1374 XOR
2 1 284 1374 1375 XOR
4 1 412 893 908 923 1376 AND
2 1 893 907 1377 AND
3 1 893 908 922 1378 AND
2 1 1377 1378 1379 XOR
2 1 892 1379 1380 XOR
3 1 893 908 923 1381 AND
2 1 898 907 1382 AND
3 1 898 908 922 1383 AND
2 1 1382 1383 1384 XOR
2 1 897 1384 1385 XOR
3 1 898 908 923 1386 AND
2 1 901 907 1387 AND
3 1 901 908 922 1388 AND
2 1 1387 1388 1389 XOR
2 1 900 1389 1390 XOR
3 1 901 908 923 1391 AND
2 1 408 907 1392 AND
3 1 408 908 922 1393 AND
2 1 1392 1393 1394 XOR
2 1 280 1394 1395 XOR
3 1 408 908 923 1396 AND
2 1 908 922 1397 AND
2 1 907 1397 1398 XOR
2 1 908 923 1399 AND
2 1 913 922 1400 AND
2 1 912 1400 1401 XOR
2 1 913 923 1402 AND
2 1 916 922 1403 AND
2 1 915 1403 1404 XOR
2 1 916 923 1405 AND
2 1 404 922 1406 AND
2 1 276 1406 1407 XOR
2 1 404 923 1408 AND
2 1 938 952 1409 AND
3 1 938 953 967 1410 AND
2 1 1409 1410 1411 XOR
4 1 938 953 968 982 1412 AND
2 1 1411 1412 1413 XOR
2 1 937 1413 1414 XOR
2 1 943 952 1415 AND
3 1 943 953 967 1416 AND
2 1 1415 1416 1417 XOR
4 1 943 953 968 982 1418 AND
2 1 1417 1418 1419 XOR
2 1 942 1419 1420 XOR
2 1 946 952 1421 AND
3 1 946 953 967 1422 AND
2 1 1421 1422 1423 XOR
4 1 946 953 968 982 1424 AND
2 1 1423 1424 1425 XOR
2 1 945 1425 1426 XOR
2 1 396 952 1427 AND
3 1 396 953 967 1428 AND
2 1 1427 1428 1429 XOR
4 1 396 953 968 982 1430 AND
2 1 1429 1430 1431 XOR
2 1 268 1431 1432 XOR
2 1 953 967 1433 AND
3 1 953 968 982 1434 AND
2 1 1433 1434 1435 XOR
2 1 952 1435 1436 XOR
2 1 958 967 1437 AND
3 1 958 968 982 1438 AND
2 1 1437 1438 1439 XOR
2 1 957 1439 1440 XOR
2 1 961 967 1441 AND
3 1 961 968 982 1442 AND
2 1 1441 1442 1443 XOR
2 1 960 1443 1444 XOR
2 1 392 967 1445 AND
3 1 392 968 982 1446 AND
2 1 1445 1446 1447 XOR
2 1 264 1447 1448 XOR
2 1 968 982 1449 AND
2 1 967 1449 1450 XOR
2 1 973 982 1451 AND
2 1 972 1451 1452 XOR
2 1 976 982 1453 AND
2 1 975 1453 1454 XOR
2 1 388 982 1455 AND
2 1 260 1455 1456 XOR
2 1 995 1054 1457 AND
3 1 995 1055 1114 1458 AND
2 1 1457 1458 1459 XOR
4 1 995 1055 1115 1174 1460 AND
2 1 1459 1460 1461 XOR
2 1 994 1461 1462 XOR
4 1 995 1055 1115 1175 1463 AND
2 1 1002 1054 1464 AND
3 1 1002 1055 1114 1465 AND
2 1 1464 1465 1466 XOR
4 1 1002 1055 1115 1174 1467 AND
2 1 1466 1467 1468 XOR
2 1 1001 1468 1469 XOR
4 1 1002 1055 1115 1175 1470 AND
2 1 1009 1054 1471 AND
3 1 1009 1055 1114 1472 AND
2 1 1471 1472 1473 XOR
4 1 1009 1055 1115 1174 1474 AND
2 1 1473 1474 1475 XOR
2 1 1008 1475 1476 XOR
4 1 1009 1055 1115 1175 1477 AND
2 1 1016 1054 1478 AND
3 1 1016 1055 1114 1479 AND
2 1 1478 1479 1480 XOR
4 1 1016 1055 1115 1174 1481 AND
2 1 1480 1481 1482 XOR
2 1 1015 1482 1483 XOR
4 1 1016 1055 1115 1175 1484 AND
2 1 1021 1054 1485 AND
3 1 1021 1055 1114 1486 AND
2 1 1485 1486 1487 XOR
4 1 1021 1055 1115 1174 1488 AND
2 1 1487 1488 1489 XOR
2 1 1020 1489 1490 XOR
4 1 1021 1055 1115 1175 1491 AND
2 1 1026 1054 1492 AND
3 1 1026 1055 1114 1493 AND
2 1 1492 1493 1494 XOR
4 1 1026 1055 1115 1174 1495 AND
2 1 1494 1495 1496 XOR
2 1 1025 1496 1497 XOR
4 1 1026 1055 1115 1175 1498 AND
2 1 1031 1054 1499 AND
3 1 1031 1055 1114 1500 AND
2 1 1499 1500 1501 XOR
4 1 1031 1055 1115 1174 1502 AND
2 1 1501 1502 1503 XOR
2 1 1030 1503 1504 XOR
4 1 1031 1055 1115 1175 1505 AND
2 1 1036 1054 1506 AND
3 1 1036 1055 1114 1507 AND
2 1 1506 1507 1508 XOR
4 1 1036 1055 1115 1174 1509 AND
2 1 1508 1509 1510 XOR
2 1 1035 1510 1511 XOR
4 1 1036 1055 1115 1175 1512 AND
2 1 1039 1054 1513 AND
3 1 1039 1055 1114 1514 AND
2 1 1513 1514 1515 XOR
4 1 1039 1055 1115 1174 1516 AND
2 1 1515 1516 1517 XOR
2 1 1038 1517 1518 XOR
4 1 1039 1055 1115 1175 1519 AND
2 1 1042 1054 1520 AND
3 1 1042 1055 1114 1521 AND
2 1 1520 1521 1522 XOR
4 1 1042 1055 1115 1174 1523 AND
2 1 1522 1523 1524 XOR
2 1 1041 1524 1525 XOR
4 1 1042 1055 1115 1175 1526 AND
2 1 1045 1054 1527 AND
3 1 1045 1055 1114 1528 AND
2 1 1527 1528 1529 XOR
4 1 1045 1055 1115 1174 1530 AND
2 1 1529 1530 1531 XOR
2 1 1044 1531 1532 XOR
4 1 1045 1055 1115 1175 1533 AND
2 1 1048 1054 1534 AND
3 1 1048 1055 1114 1535 AND
2 1 1534 1535 1536 XOR
4 1 1048 1055 1115 1174 1537 AND
2 1 1536 1537 1538 XOR
2 1 1047 1538 1539 XOR
4 1 1048 1055 1115 1175 1540 AND
2 1 563 1054 1541 AND
3 1 563 1055 1114 1542 AND
2 1 1541 1542 1543 XOR
4 1 563 1055 1115 1174 1544 AND
2 1 1543 1544 1545 XOR
2 1 562 1545 1546 XOR
4 1 563 1055 1115 1175 1547 AND
2 1 568 1054 1548 AND
3 1 568 1055 1114 1549 AND
2 1 1548 1549 1550 XOR
4 1 568 1055 1115 1174 1551 AND
2 1 1550 1551 1552 XOR
2 1 567 1552 1553 XOR
4 1 568 1055 1115 1175 1554 AND
2 1 571 1054 1555 AND
3 1 571 1055 1114 1556 AND
2 1 1555 1556 1557 XOR
4 1 571 1055 1115 1174 1558 AND
2 1 1557 1558 1559 XOR
2 1 570 1559 1560 XOR
4 1 571 1055 1115 1175 1561 AND
2 1 496 1054 1562 AND
3 1 496 1055 1114 1563 AND
2 1 1562 1563 1564 XOR
4 1 496 1055 1115 1174 1565 AND
2 1 1564 1565 1566 XOR
2 1 368 1566 1567 XOR
4 1 496 1055 1115 1175 1568 AND
2 1 1055 1114 1569 AND
3 1 1055 1115 1174 1570 AND
2 1 1569 1570 1571 XOR
2 1 1054 1571 1572 XOR
3 1 1055 1115 1175 1573 AND
2 1 1062 1114 1574 AND
3 1 1062 1115 1174 1575 AND
2 1 1574 1575 1576 XOR
2 1 1061 1576 1577 XOR
3 1 1062 1115 1175 1578 AND
2 1 1069 1114 1579 AND
3 1 1069 1115 1174 1580 AND
2 1 1579 1580 1581 XOR
2 1 1068 1581 1582 XOR
3 1 1069 1115 1175 1583 AND
2 1 1076 1114 1584 AND
3 1 1076 1115 1174 1585 AND
2 1 1584 1585 1586 XOR
2 1 1075 1586 1587 XOR
3 1 1076 1115 1175 1588 AND
2 1 1081 1114 1589 AND
3 1 1081 1115 1174 1590 AND
2 1 1589 1590 1591 XOR
2 1 1080 1591 1592 XOR
3 1 1081 1115 1175 1593 AND
2 1 1086 1114 1594 AND
3 1 1086 1115 1174 1595 AND
2 1 1594 1595 1596 XOR
2 1 1085 1596 1597 XOR
3 1 1086 1115 1175 1598 AND
2 1 1091 1114 1599 AND
3 1 1091 1115 1174 1600 AND
2 1 1599 1600 1601 XOR
2 1 1090 1601 1602 XOR
3 1 1091 1115 1175 1603 AND
2 1 1096 1114 1604 AND
3 1 1096 1115 1174 1605 AND
2 1 1604 1605 1606 XOR
2 1 1095 1606 1607 XOR
3 1 1096 1115 1175 1608 AND
2 1 1099 1114 1609 AND
3 1 1099 1115 1174 1610 AND
2 1 1609 1610 1611 XOR
2 1 1098 1611 1612 XOR
3 1 1099 1115 1175 1613 AND
2 1 1102 1114 1614 AND
3 1 1102 1115 1174 1615 AND
2 1 1614 1615 1616 XOR
2 1 1101 1616 1617 XOR
3 1 1102 1115 1175 1618 AND
2 1 1105 1114 1619 AND
3 1 1105 1115 1174 1620 AND
2 1 1619 1620 1621 XOR
2 1 1104 1621 1622 XOR
3 1 1105 1115 1175 1623 AND
2 1 1108 1114 1624 AND
3 1 1108 1115 1174 1625 AND
2 1 1624 1625 1626 XOR
2 1 1107 1626 1627 XOR
3 1 1108 1115 1175 1628 AND
2 1 623 1114 1629 AND
3 1 623 1115 1174 1630 AND
2 1 1629 1630 1631 XOR
2 1 622 1631 1632 XOR
3 1 623 1115 1175 1633 AND
2 1 628 1114 1634 AND
3 1 628 1115 1174 1635 AND
2 1 1634 1635 1636 XOR
2 1 627 1636 1637 XOR
3 1 628 1115 1175 1638 AND
2 1 631 1114 1639 AND
3 1 631 1115 1174 1640 AND
2 1 1639 1640 1641 XOR
2 1 630 1641 1642 XOR
3 1 631 1115 1175 1643 AND
2 1 480 1114 1644 AND
3 1 480 1115 1174 1645 AND
2 1 1644 1645 1646 XOR
2 1 352 1646 1647 XOR
3 1 480 1115 1175 1648 AND
2 1 1115 1174 1649 AND
2 1 1114 1649 1650 XOR
2 1 1115 1175 1651 AND
2 1 1122 1174 1652 AND
2 1 1121 1652 1653 XOR
2 1 1122 1175 1654 AND
2 1 1129 1174 1655 AND
2 1 1128 1655 1656 XOR
2 1 1129 1175 1657 AND
2 1 1136 1174 1658 AND
2 1 1135 1658 1659 XOR
2 1 1136 1175 1660 AND
2 1 1141 1174 1661 AND
2 1 1140 1661 1662 XOR
2 1 1141 1175 1663 AND
2 1 1146 1174 1664 AND
2 1 1145 1664 1665 XOR
2 1 1146 1175 1666 AND
2 1 1151 1174 1667 AND
2 1 1150 1667 1668 XOR
2 1 1151 1175 1669 AND
2 1 1156 1174 1670 AND
2 1 1155 1670 1671 XOR
2 1 1156 1175 1672 AND
2 1 1159 1174 1673 AND
2 1 1158 1673 1674 XOR
2 1 1159 1175 1675 AND
2 1 1162 1174 1676 AND
2 1 1161 1676 1677 XOR
2 1 1162 1175 1678 AND
2 1 1165 1174 1679 AND
2 1 1164 1679 1680 XOR
2 1 1165 1175 1681 AND
2 1 1168 1174 1682 AND
2 1 1167 1682 1683 XOR
2 1 1168 1175 1684 AND
2 1 683 1174 1685 AND
2 1 682 1685 1686 XOR
2 1 683 1175 1687 AND
2 1 688 1174 1688 AND
2 1 687 1688 1689 XOR
2 1 688 1175 1690 AND
2 1 691 1174 1691 AND
2 1 690 1691 1692 XOR
2 1 691 1175 1693 AND
2 1 464 1174 1694 AND
2 1 336 1694 1695 XOR
2 1 464 1175 1696 AND
2 1 1235 1294 1697 AND
3 1 1235 1295 1354 1698 AND
2 1 1697 1698 1699 XOR
4 1 1235 1295 1355 1414 1700 AND
2 1 1699 1700 1701 XOR
2 1 1234 1701 1702 XOR
2 1 1242 1294 1703 AND
3 1 1242 1295 1354 1704 AND
2 1 1703 1704 1705 XOR
4 1 1242 1295 1355 1414 1706 AND
2 1 1705 1706 1707 XOR
2 1 1241 1707 1708 XOR
2 1 1249 1294 1709 AND
3 1 1249 1295 1354 1710 AND
2 1 1709 1710 1711 XOR
4 1 1249 1295 1355 1414 1712 AND
2 1 1711 1712 1713 XOR
2 1 1248 1713 1714 XOR
2 1 1256 1294 1715 AND
3 1 1256 1295 1354 1716 AND
2 1 1715 1716 1717 XOR
4 1 1256 1295 1355 1414 1718 AND
2 1 1717 1718 1719 XOR
2 1 1255 1719 1720 XOR
2 1 1261 1294 1721 AND
3 1 1261 1295 1354 1722 AND
2 1 1721 1722 1723 XOR
4 1 1261 1295 1355 1414 1724 AND
2 1 1723 1724 1725 XOR
2 1 1260 1725 1726 XOR
2 1 1266 1294 1727 AND
3 1 1266 1295 1354 1728 AND
2 1 1727 1728 1729 XOR
4 1 1266 1295 1355 1414 1730 AND
2 1 1729 1730 1731 XOR
2 1 1265 1731 1732 XOR
2 1 1271 1294 1733 AND
3 1 1271 1295 1354 1734 AND
2 1 1733 1734 1735 XOR
4 1 1271 1295 1355 1414 1736 AND
2 1 1735 1736 1737 XOR
2 1 1270 1737 1738 XOR
2 1 1276 1294 1739 AND
3 1 1276 1295 1354 1740 AND
2 1 1739 1740 1741 XOR
4 1 1276 1295 1355 1414 1742 AND
2 1 1741 1742 1743 XOR
2 1 1275 1743 1744 XOR
2 1 1279 1294 1745 AND
3 1 1279 1295 1354 1746 AND
2 1 1745 1746 1747 XOR
4 1 1279 1295 1355 1414 1748 AND
2 1 1747 1748 1749 XOR
2 1 1278 1749 1750 XOR
2 1 1282 1294 1751 AND
3 1 1282 1295 1354 1752 AND
2 1 1751 1752 1753 XOR
4 1 1282 1295 1355 1414 1754 AND
2 1 1753 1754 1755 XOR
2 1 1281 1755 1756 XOR
2 1 1285 1294 1757 AND
3 1 1285 1295 1354 1758 AND
2 1 1757 1758 1759 XOR
4 1 1285 1295 1355 1414 1760 AND
2 1 1759 1760 1761 XOR
2 1 1284 1761 1762 XOR
2 1 1288 1294 1763 AND
3 1 1288 1295 1354 1764 AND
2 1 1763 1764 1765 XOR
4 1 1288 1295 1355 1414 1766 AND
2 1 1765 1766 1767 XOR
2 1 1287 1767 1768 XOR
2 1 803 1294 1769 AND
3 1 803 1295 1354 1770 AND
2 1 1769 1770 1771 XOR
4 1 803 1295 1355 1414 1772 AND
2 1 1771 1772 1773 XOR
2 1 802 1773 1774 XOR
2 1 808 1294 1775 AND
3 1 808 1295 1354 1776 AND
2 1 1775 1776 1777 XOR
4 1 808 1295 1355 1414 1778 AND
2 1 1777 1778 1779 XOR
2 1 807 1779 1780 XOR
2 1 811 1294 1781 AND
3 1 811 1295 1354 1782 AND
2 1 1781 1782 1783 XOR
4 1 811 1295 1355 1414 1784 AND
2 1 1783 1784 1785 XOR
2 1 810 1785 1786 XOR
2 1 432 1294 1787 AND
3 1 432 1295 1354 1788 AND
2 1 1787 1788 1789 XOR
4 1 432 1295 1355 1414 1790 AND
2 1 1789 1790 1791 XOR
2 1 304 1791 1792 XOR
2 1 1295 1354 1793 AND
3 1 1295 1355 1414 1794 AND
2 1 1793 1794 1795 XOR
2 1 1294 1795 1796 XOR
2 1 1302 1354 1797 AND
3 1 1302 1355 1414 1798 AND
2 1 1797 1798 1799 XOR
2 1 1301 1799 1800 XOR
2 1 1309 1354 1801 AND
3 1 1309 1355 1414 1802 AND
2 1 1801 1802 1803 XOR
2 1 1308 1803 1804 XOR
2 1 1316 1354 1805 AND
3 1 1316 1355 1414 1806 AND
2 1 1805 1806 1807 XOR
2 1 1315 1807 1808 XOR
2 1 1321 1354 1809 AND
3 1 1321 1355 1414 1810 AND
2 1 1809 1810 1811 XOR
2 1 1320 1811 1812 XOR
2 1 1326 1354 1813 AND
3 1 1326 1355 1414 1814 AND
2 1 1813 1814 1815 XOR
2 1 1325 1815 1816 XOR
2 1 1331 1354 1817 AND
3 1 1331 1355 1414 1818 AND
2 1 1817 1818 1819 XOR
2 1 1330 1819 1820 XOR
2 1 1336 1354 1821 AND
3 1 1336 1355 1414 1822 AND
2 1 1821 1822 1823 XOR
2 1 1335 1823 1824 XOR
2 1 1339 1354 1825 AND
3 1 1339 1355 1414 1826 AND
2 1 1825 1826 1827 XOR
2 1 1338 1827 1828 XOR
2 1 1342 1354 1829 AND
3 1 1342 1355 1414 1830 AND
2 1 1829 1830 1831 XOR
2 1 1341 1831 1832 XOR
2 1 1345 1354 1833 AND
3 1 1345 1355 1414 1834 AND
2 1 1833 1834 1835 XOR
2 1 1344 1835 1836 XOR
2 1 1348 1354 1837 AND
3 1 1348 1355 1414 1838 AND
2 1 1837 1838 1839 XOR
2 1 1347 1839 1840 XOR
2 1 863 1354 1841 AND
3 1 863 1355 1414 1842 AND
2 1 1841 1842 1843 XOR
2 1 862 1843 1844 XOR
2 1 868 1354 1845 AND
3 1 868 1355 1414 1846 AND
2 1 1845 1846 1847 XOR
2 1 867 1847 1848 XOR
2 1 871 1354 1849 AND
3 1 871 1355 1414 1850 AND
2 1 1849 1850 1851 XOR
2 1 870 1851 1852 XOR
2 1 416 1354 1853 AND
3 1 416 1355 1414 1854 AND
2 1 1853 1854 1855 XOR
2 1 288 1855 1856 XOR
2 1 1355 1414 1857 AND
2 1 1354 1857 1858 XOR
2 1 1362 1414 1859 AND
2 1 1361 1859 1860 XOR
2 1 1369 1414 1861 AND
2 1 1368 1861 1862 XOR
2 1 1376 1414 1863 AND
2 1 1375 1863 1864 XOR
2 1 1381 1414 1865 AND
2 1 1380 1865 1866 XOR
2 1 1386 1414 1867 AND
2 1 1385 1867 1868 XOR
2 1 1391 1414 1869 AND
2 1 1390 1869 1870 XOR
2 1 1396 1414 1871 AND
2 1 1395 1871 1872 XOR
2 1 1399 1414 1873 AND
2 1 1398 1873 1874 XOR
2 1 1402 1414 1875 AND
2 1 1401 1875 1876 XOR
2 1 1405 1414 1877 AND
2 1 1404 1877 1878 XOR
2 1 1408 1414 1879 AND
2 1 1407 1879 1880 XOR
2 1 923 1414 1881 AND
2 1 922 1881 1882 XOR
2 1 928 1414 1883 AND
2 1 927 1883 1884 XOR
2 1 931 1414 1885 AND
2 1 930 1885 1886 XOR
2 1 400 1414 1887 AND
2 1 272 1887 1888 XOR
2 1 1463 1702 1889 AND
2 1 1462 1889 1890 XOR
2 1 1470 1702 1891 AND
2 1 1469 1891 1892 XOR
2 1 1477 1702 1893 AND
2 1 1476 1893 1894 XOR
2 1 1484 1702 1895 AND
2 1 1483 1895 1896 XOR
2 1 1491 1702 1897 AND
2 1 1490 1897 1898 XOR
2 1 1498 1702 1899 AND
2 1 1497 1899 1900 XOR
2 1 1505 1702 1901 AND
2 1 1504 1901 1902 XOR
2 1 1512 1702 1903 AND
2 1 1511 1903 1904 XOR
2 1 1519 1702 1905 AND
2 1 1518 1905 1906 XOR
2 1 1526 1702 1907 AND
2 1 1525 1907 1908 XOR
2 1 1533 1702 1909 AND
2 1 1532 1909 1910 XOR
2 1 1540 1702 1911 AND
2 1 1539 1911 1912 XOR
2 1 1547 1702 1913 AND
2 1 1546 1913 1914 XOR
2 1 1554 1702 1915 AND
2 1 1553 1915 1916 XOR
2 1 1561 1702 1917 AND
2 1 1560 1917 1918 XOR
2 1 1568 1702 1919 AND
2 1 1567 1919 1920 XOR
2 1 1573 1702 1921 AND
2 1 1572 1921 1922 XOR
2 1 1578 1702 1923 AND
2 1 1577 1923 1924 XOR
2 1 1583 1702 1925 AND
2 1 1582 1925 1926 XOR
2 1 1588 1702 1927 AND
2 1 1587 1927 1928 XOR
2 1 1593 1702 1929 AND
2 1 1592 1929 1930 XOR
2 1 1598 1702 1931 AND
2 1 1597 1931 1932 XOR
2 1 1603 1702 1933 AND
2 1 1602 1933 1934 XOR
2 1 1608 1702 1935 AND
2 1 1607 1935 1936 XOR
2 1 1613 1702 1937 AND
2 1 1612 1937 1938 XOR
2 1 1618 1702 1939 AND
2 1 1617 1939 1940 XOR
2 1 1623 1702 1941 AND
2 1 1622 1941 1942 XOR
2 1 1628 1702 1943 AND
2 1 1627 1943 1944 XOR
2 1 1633 1702 1945 AND
2 1 1632 1945 1946 XOR
2 1 1638 1702 1947 AND
2 1 1637 1947 1948 XOR
2 1 1643 1702 1949 AND
2 1 1642 1949 1950 XOR
2 1 1648 1702 1951 AND
2 1 1647 1951 1952 XOR
2 1 1651 1702 1953 AND
2 1 1650 1953 1954 XOR
2 1 1654 1702 1955 AND
2 1 1653 1955 1956 XOR
2 1 1657 1702 1957 AND
2 1 1656 1957 1958 XOR
2 1 1660 1702 1959 AND
2 1 1659 1959 1960 XOR
2 1 1663 1702 1961 AND
2 1 1662 1961 1962 XOR
2 1 1666 1702 1963 AND
2 1 1665 1963 1964 XOR
2 1 1669 1702 1965 AND
2 1 1668 1965 1966 XOR
2 1 1672 1702 1967 AND
2 1 1671 1967 1968 XOR
2 1 1675 1702 1969 AND
2 1 1674 1969 1970 XOR
2 1 1678 1702 1971 AND
2 1 1677 1971 1972 XOR
2 1 1681 1702 1973 AND
2 1 1680 1973 1974 XOR
2 1 1684 1702 1975 AND
2 1 1683 1975 1976 XOR
2 1 1687 1702 1977 AND
2 1 1686 1977 1978 XOR
2 1 1690 1702 1979 AND
2 1 1689 1979 1980 XOR
2 1 1693 1702 1981 AND
2 1 1692 1981 1982 XOR
2 1 1696 1702 1983 AND
2 1 1695 1983 1984 XOR
2 1 1175 1702 1985 AND
2 1 1174 1985 1986 XOR
2 1 1182 1702 1987 AND
2 1 1181 1987 1988 XOR
2 1 1189 1702 1989 AND
2 1 1188 1989 1990 XOR
2 1 1196 1702 1991 AND
2 1 1195 1991 1992 XOR
2 1 1201 1702 1993 AND
2 1 1200 1993 1994 XOR
2 1 1206 1702 1995 AND
2 1 1205 1995 1996 XOR
2 1 1211 1702 1997 AND
2 1 1210 1997 1998 XOR
2 1 1216 1702 1999 AND
2 1 1215 1999 2000 XOR
2 1 1219 1702 2001 AND
2 1 1218 2001 2002 XOR
2 1 1222 1702 2003 AND
2 1 1221 2003 2004 XOR
2 1 1225 1702 2005 AND
2 1 1224 2005 2006 XOR
2 1 1228 1702 2007 AND
2 1 1227 2007 2008 XOR
2 1 743 1702 2009 AND
2 1 742 2009 2010 XOR
2 1 748 1702 2011 AND
2 1 747 2011 2012 XOR
2 1 751 1702 2013 AND
2 1 750 2013 2014 XOR
2 1 448 1702 2015 AND
2 1 320 2015 2016 XOR
1 1 384 2017 EQW
2 1 385 256 2018 XOR
2 1 386 988 2019 XOR
2 1 387 986 2020 XOR
2 1 388 982 2021 XOR
2 1 389 1456 2022 XOR
2 1 390 1454 2023 XOR
2 1 391 1452 2024 XOR
2 1 392 1450 2025 XOR
2 1 393 1448 2026 XOR
2 1 394 1444 2027 XOR
2 1 395 1440 2028 XOR
2 1 396 1436 2029 XOR
2 1 397 1432 2030 XOR
2 1 398 1426 2031 XOR
2 1 399 1420 2032 XOR
2 1 400 1414 2033 XOR
2 1 401 1888 2034 XOR
2 1 402 1886 2035 XOR
2 1 403 1884 2036 XOR
2 1 404 1882 2037 XOR
2 1 405 1880 2038 XOR
2 1 406 1878 2039 XOR
2 1 407 1876 2040 XOR
2 1 408 1874 2041 XOR
2 1 409 1872 2042 XOR
2 1 410 1870 2043 XOR
2 1 411 1868 2044 XOR
2 1 412 1866 2045 XOR
2 1 413 1864 2046 XOR
2 1 414 1862 2047 XOR
2 1 415 1860 2048 XOR
2 1 416 1858 2049 XOR
2 1 417 1856 2050 XOR
2 1 418 1852 2051 XOR
2 1 419 1848 2052 XOR
2 1 420 1844 2053 XOR
2 1 421 1840 2054 XOR
2 1 422 1836 2055 XOR
2 1 423 1832 2056 XOR
2 1 424 1828 2057 XOR
2 1 425 1824 2058 XOR
2 1 426 1820 2059 XOR
2 1 427 1816 2060 XOR
2 1 428 1812 2061 XOR
2 1 429 1808 2062 XOR
2 1 430 1804 2063 XOR
2 1 431 1800 2064 XOR
2 1 432 1796 2065 XOR
2 1 433 1792 2066 XOR
2 1 434 1786 2067 XOR
2 1 435 1780 2068 XOR
2 1 436 1774 2069 XOR
2 1 437 1768 2070 XOR
2 1 438 1762 2071 XOR
2 1 439 1756 2072 XOR
2 1 440 1750 2073 XOR
2 1 441 1744 2074 XOR
2 1 442 1738 2075 XOR
2 1 443 1732 2076 XOR
2 1 444 1726 2077 XOR
2 1 445 1720 2078 XOR
2 1 446 1714 2079 XOR
2 1 447 1708 2080 XOR
2 1 448 1702 2081 XOR
2 1 449 2016 2082 XOR
2 1 450 2014 2083 XOR
2 1 451 2012 2084 XOR
2 1 452 2010 2085 XOR
2 1 453 2008 2086 XOR
2 1 454 2006 2087 XOR
2 1 455 2004 2088 XOR
2 1 456 2002 2089 XOR
2 1 457 2000 2090 XOR
2 1 458 1998 2091 XOR
2 1 459 1996 2092 XOR
2 1 460 1994 2093 XOR
2 1 461 1992 2094 XOR
2 1 462 1990 2095 XOR
2 1 463 1988 2096 XOR
2 1 464 1986 2097 XOR
2 1 465 1984 2098 XOR
2 1 466 1982 2099 XOR
2 1 467 1980 2100 XOR
2 1 468 1978 2101 XOR
2 1 469 1976 2102 XOR
2 1 470 1974 2103 XOR
2 1 471 1972 2104 XOR
2 1 472 1970 2105 XOR
2 1 473 1968 2106 XOR
2 1 474 1966 2107 XOR
2 1 475 1964 2108 XOR
2 1 476 1962 2109 XOR
2 1 477 1960 2110 XOR
2 1 478 1958 2111 XOR
2 1 479 1956 2112 XOR
2 1 480 1954 2113 XOR
2 1 481 1952 2114 XOR
2 1 482 1950 2115 XOR
2 1 483 1948 2116 XOR
2 1 484 1946 2117 XOR
2 1 485 1944 2118 XOR
2 1 486 1942 2119 XOR
2 1 487 1940 2120 XOR
2 1 488 1938 2121 XOR
2 1 489 1936 2122 XOR
2 1 490 1934 2123 XOR
2 1 491 1932 2124 XOR
2 1 492 1930 2125 XOR
2 1 493 1928 2126 XOR
2 1 494 1926 2127 XOR
2 1 495 1924 2128 XOR
2 1 496 1922 2129 XOR
2 1 497 1920 2130 XOR
2 1 498 1918 2131 XOR
2 1 499 1916 2132 XOR
2 1 500 1914 2133 XOR
2 1 501 1912 2134 XOR
2 1 502 1910 2135 XOR
2 1 503 1908 2136 XOR
2 1 504 1906 2137 XOR
2 1 505 1904 2138 XOR
2 1 506 1902 2139 XOR
2 1 507 1900 2140 XOR
2 1 508 1898 2141 XOR
2 1 509 1896 2142 XOR
2 1 510 1894 2143 XOR
2 1 511 1892 2144 XOR
