153 185
2 16 16
1 16

2 1 0 16 32 AND
2 1 1 17 33 AND
2 1 2 18 34 AND
2 1 3 19 35 AND
2 1 4 20 36 AND
2 1 5 21 37 AND
2 1 6 22 38 AND
2 1 7 23 39 AND
2 1 8 24 40 AND
2 1 9 25 41 AND
2 1 10 26 42 AND
2 1 11 27 43 AND
2 1 12 28 44 AND
2 1 13 29 45 AND
2 1 14 30 46 AND
2 1 15 31 47 AND
2 1 0 16 48 XOR
2 1 1 17 49 XOR
2 1 2 18 50 XOR
2 1 3 19 51 XOR
2 1 4 20 52 XOR
2 1 5 21 53 XOR
2 1 6 22 54 XOR
2 1 7 23 55 XOR
2 1 8 24 56 XOR
2 1 9 25 57 XOR
2 1 10 26 58 XOR
2 1 11 27 59 XOR
2 1 12 28 60 XOR
2 1 13 29 61 XOR
2 1 14 30 62 XOR
2 1 15 31 63 XOR
2 1 63 46 64 AND
3 1 63 62 45 65 AND
2 1 64 65 66 XOR
4 1 63 62 61 44 67 AND
2 1 66 67 68 XOR
2 1 47 68 69 XOR
4 1 63 62 61 60 70 AND
2 1 62 45 71 AND
3 1 62 61 44 72 AND
2 1 71 72 73 XOR
2 1 46 73 74 XOR
3 1 62 61 60 75 AND
2 1 61 44 76 AND
2 1 45 76 77 XOR
2 1 61 60 78 AND
2 1 59 42 79 AND
3 1 59 58 41 80 AND
2 1 79 80 81 XOR
4 1 59 58 57 40 82 AND
2 1 81 82 83 XOR
2 1 43 83 84 XOR
4 1 59 58 57 56 85 AND
2 1 58 41 86 AND
3 1 58 57 40 87 AND
2 1 86 87 88 XOR
2 1 42 88 89 XOR
3 1 58 57 56 90 AND
2 1 57 40 91 AND
2 1 41 91 92 XOR
2 1 57 56 93 AND
2 1 55 38 94 AND
3 1 55 54 37 95 AND
2 1 94 95 96 XOR
4 1 55 54 53 36 97 AND
2 1 96 97 98 XOR
2 1 39 98 99 XOR
4 1 55 54 53 52 100 AND
2 1 54 37 101 AND
3 1 54 53 36 102 AND
2 1 101 102 103 XOR
2 1 38 103 104 XOR
3 1 54 53 52 105 AND
2 1 53 36 106 AND
2 1 37 106 107 XOR
2 1 53 52 108 AND
2 1 51 34 109 AND
3 1 51 50 33 110 AND
2 1 109 110 111 XOR
4 1 51 50 49 32 112 AND
2 1 111 112 113 XOR
2 1 35 113 114 XOR
2 1 50 33 115 AND
3 1 50 49 32 116 AND
2 1 115 116 117 XOR
2 1 34 117 118 XOR
2 1 49 32 119 AND
2 1 33 119 120 XOR
2 1 70 84 121 AND
3 1 70 85 99 122 AND
2 1 121 122 123 XOR
4 1 70 85 100 114 124 AND
2 1 123 124 125 XOR
2 1 69 125 126 XOR
2 1 75 84 127 AND
3 1 75 85 99 128 AND
2 1 127 128 129 XOR
4 1 75 85 100 114 130 AND
2 1 129 130 131 XOR
2 1 74 131 132 XOR
2 1 78 84 133 AND
3 1 78 85 99 134 AND
2 1 133 134 135 XOR
4 1 78 85 100 114 136 AND
2 1 135 136 137 XOR
2 1 77 137 138 XOR
2 1 60 84 139 AND
3 1 60 85 99 140 AND
2 1 139 140 141 XOR
4 1 60 85 100 114 142 AND
2 1 141 142 143 XOR
2 1 44 143 144 XOR
2 1 85 99 145 AND
3 1 85 100 114 146 AND
2 1 145 146 147 XOR
2 1 84 147 148 XOR
2 1 90 99 149 AND
3 1 90 100 114 150 AND
2 1 149 150 151 XOR
2 1 89 151 152 XOR
2 1 93 99 153 AND
3 1 93 100 114 154 AND
2 1 153 154 155 XOR
2 1 92 155 156 XOR
2 1 56 99 157 AND
3 1 56 100 114 158 AND
2 1 157 158 159 XOR
2 1 40 159 160 XOR
2 1 100 114 161 AND
2 1 99 161 162 XOR
2 1 105 114 163 AND
2 1 104 163 164 XOR
2 1 108 114 165 AND
2 1 107 165 166 XOR
2 1 52 114 167 AND
2 1 36 167 168 XOR
1 1 48 169 EQW
2 1 49 32 170 XOR
2 1 50 120 171 XOR
2 1 51 118 172 XOR
2 1 52 114 173 XOR
2 1 53 168 174 XOR
2 1 54 166 175 XOR
2 1 55 164 176 XOR
2 1 56 162 177 XOR
2 1 57 160 178 XOR
2 1 58 156 179 XOR
2 1 59 152 180 XOR
2 1 60 148 181 XOR
2 1 61 144 182 XOR
2 1 62 138 183 XOR
2 1 63 132 184 XOR
