849 977
2 64 64
1 64

2 1 0 64 128 AND
2 1 1 65 129 AND
2 1 2 66 130 AND
2 1 3 67 131 AND
2 1 4 68 132 AND
2 1 5 69 133 AND
2 1 6 70 134 AND
2 1 7 71 135 AND
2 1 8 72 136 AND
2 1 9 73 137 AND
2 1 10 74 138 AND
2 1 11 75 139 AND
2 1 12 76 140 AND
2 1 13 77 141 AND
2 1 14 78 142 AND
2 1 15 79 143 AND
2 1 16 80 144 AND
2 1 17 81 145 AND
2 1 18 82 146 AND
2 1 19 83 147 AND
2 1 20 84 148 AND
2 1 21 85 149 AND
2 1 22 86 150 AND
2 1 23 87 151 AND
2 1 24 88 152 AND
2 1 25 89 153 AND
2 1 26 90 154 AND
2 1 27 91 155 AND
2 1 28 92 156 AND
2 1 29 93 157 AND
2 1 30 94 158 AND
2 1 31 95 159 AND
2 1 32 96 160 AND
2 1 33 97 161 AND
2 1 34 98 162 AND
2 1 35 99 163 AND
2 1 36 100 164 AND
2 1 37 101 165 AND
2 1 38 102 166 AND
2 1 39 103 167 AND
2 1 40 104 168 AND
2 1 41 105 169 AND
2 1 42 106 170 AND
2 1 43 107 171 AND
2 1 44 108 172 AND
2 1 45 109 173 AND
2 1 46 110 174 AND
2 1 47 111 175 AND
2 1 48 112 176 AND
2 1 49 113 177 AND
2 1 50 114 178 AND
2 1 51 115 179 AND
2 1 52 116 180 AND
2 1 53 117 181 AND
2 1 54 118 182 AND
2 1 55 119 183 AND
2 1 56 120 184 AND
2 1 57 121 185 AND
2 1 58 122 186 AND
2 1 59 123 187 AND
2 1 60 124 188 AND
2 1 61 125 189 AND
2 1 62 126 190 AND
2 1 63 127 191 AND
2 1 0 64 192 XOR
2 1 1 65 193 XOR
2 1 2 66 194 XOR
2 1 3 67 195 XOR
2 1 4 68 196 XOR
2 1 5 69 197 XOR
2 1 6 70 198 XOR
2 1 7 71 199 XOR
2 1 8 72 200 XOR
2 1 9 73 201 XOR
2 1 10 74 202 XOR
2 1 11 75 203 XOR
2 1 12 76 204 XOR
2 1 13 77 205 XOR
2 1 14 78 206 XOR
2 1 15 79 207 XOR
2 1 16 80 208 XOR
2 1 17 81 209 XOR
2 1 18 82 210 XOR
2 1 19 83 211 XOR
2 1 20 84 212 XOR
2 1 21 85 213 XOR
2 1 22 86 214 XOR
2 1 23 87 215 XOR
2 1 24 88 216 XOR
2 1 25 89 217 XOR
2 1 26 90 218 XOR
2 1 27 91 219 XOR
2 1 28 92 220 XOR
2 1 29 93 221 XOR
2 1 30 94 222 XOR
2 1 31 95 223 XOR
2 1 32 96 224 XOR
2 1 33 97 225 XOR
2 1 34 98 226 XOR
2 1 35 99 227 XOR
2 1 36 100 228 XOR
2 1 37 101 229 XOR
2 1 38 102 230 XOR
2 1 39 103 231 XOR
2 1 40 104 232 XOR
2 1 41 105 233 XOR
2 1 42 106 234 XOR
2 1 43 107 235 XOR
2 1 44 108 236 XOR
2 1 45 109 237 XOR
2 1 46 110 238 XOR
2 1 47 111 239 XOR
2 1 48 112 240 XOR
2 1 49 113 241 XOR
2 1 50 114 242 XOR
2 1 51 115 243 XOR
2 1 52 116 244 XOR
2 1 53 117 245 XOR
2 1 54 118 246 XOR
2 1 55 119 247 XOR
2 1 56 120 248 XOR
2 1 57 121 249 XOR
2 1 58 122 250 XOR
2 1 59 123 251 XOR
2 1 60 124 252 XOR
2 1 61 125 253 XOR
2 1 62 126 254 XOR
2 1 63 127 255 XOR
2 1 255 190 256 AND
3 1 255 254 189 257 AND
2 1 256 257 258 XOR
4 1 255 254 253 188 259 AND
2 1 258 259 260 XOR
2 1 191 260 261 XOR
4 1 255 254 253 252 262 AND
2 1 254 189 263 AND
3 1 254 253 188 264 AND
2 1 263 264 265 XOR
2 1 190 265 266 XOR
3 1 254 253 252 267 AND
2 1 253 188 268 AND
2 1 189 268 269 XOR
2 1 253 252 270 AND
2 1 251 186 271 AND
3 1 251 250 185 272 AND
2 1 271 272 273 XOR
4 1 251 250 249 184 274 AND
2 1 273 274 275 XOR
2 1 187 275 276 XOR
4 1 251 250 249 248 277 AND
2 1 250 185 278 AND
3 1 250 249 184 279 AND
2 1 278 279 280 XOR
2 1 186 280 281 XOR
3 1 250 249 248 282 AND
2 1 249 184 283 AND
2 1 185 283 284 XOR
2 1 249 248 285 AND
2 1 247 182 286 AND
3 1 247 246 181 287 AND
2 1 286 287 288 XOR
4 1 247 246 245 180 289 AND
2 1 288 289 290 XOR
2 1 183 290 291 XOR
4 1 247 246 245 244 292 AND
2 1 246 181 293 AND
3 1 246 245 180 294 AND
2 1 293 294 295 XOR
2 1 182 295 296 XOR
3 1 246 245 244 297 AND
2 1 245 180 298 AND
2 1 181 298 299 XOR
2 1 245 244 300 AND
2 1 243 178 301 AND
3 1 243 242 177 302 AND
2 1 301 302 303 XOR
4 1 243 242 241 176 304 AND
2 1 303 304 305 XOR
2 1 179 305 306 XOR
4 1 243 242 241 240 307 AND
2 1 242 177 308 AND
3 1 242 241 176 309 AND
2 1 308 309 310 XOR
2 1 178 310 311 XOR
3 1 242 241 240 312 AND
2 1 241 176 313 AND
2 1 177 313 314 XOR
2 1 241 240 315 AND
2 1 239 174 316 AND
3 1 239 238 173 317 AND
2 1 316 317 318 XOR
4 1 239 238 237 172 319 AND
2 1 318 319 320 XOR
2 1 175 320 321 XOR
4 1 239 238 237 236 322 AND
2 1 238 173 323 AND
3 1 238 237 172 324 AND
2 1 323 324 325 XOR
2 1 174 325 326 XOR
3 1 238 237 236 327 AND
2 1 237 172 328 AND
2 1 173 328 329 XOR
2 1 237 236 330 AND
2 1 235 170 331 AND
3 1 235 234 169 332 AND
2 1 331 332 333 XOR
4 1 235 234 233 168 334 AND
2 1 333 334 335 XOR
2 1 171 335 336 XOR
4 1 235 234 233 232 337 AND
2 1 234 169 338 AND
3 1 234 233 168 339 AND
2 1 338 339 340 XOR
2 1 170 340 341 XOR
3 1 234 233 232 342 AND
2 1 233 168 343 AND
2 1 169 343 344 XOR
2 1 233 232 345 AND
2 1 231 166 346 AND
3 1 231 230 165 347 AND
2 1 346 347 348 XOR
4 1 231 230 229 164 349 AND
2 1 348 349 350 XOR
2 1 167 350 351 XOR
4 1 231 230 229 228 352 AND
2 1 230 165 353 AND
3 1 230 229 164 354 AND
2 1 353 354 355 XOR
2 1 166 355 356 XOR
3 1 230 229 228 357 AND
2 1 229 164 358 AND
2 1 165 358 359 XOR
2 1 229 228 360 AND
2 1 227 162 361 AND
3 1 227 226 161 362 AND
2 1 361 362 363 XOR
4 1 227 226 225 160 364 AND
2 1 363 364 365 XOR
2 1 163 365 366 XOR
4 1 227 226 225 224 367 AND
2 1 226 161 368 AND
3 1 226 225 160 369 AND
2 1 368 369 370 XOR
2 1 162 370 371 XOR
3 1 226 225 224 372 AND
2 1 225 160 373 AND
2 1 161 373 374 XOR
2 1 225 224 375 AND
2 1 223 158 376 AND
3 1 223 222 157 377 AND
2 1 376 377 378 XOR
4 1 223 222 221 156 379 AND
2 1 378 379 380 XOR
2 1 159 380 381 XOR
4 1 223 222 221 220 382 AND
2 1 222 157 383 AND
3 1 222 221 156 384 AND
2 1 383 384 385 XOR
2 1 158 385 386 XOR
3 1 222 221 220 387 AND
2 1 221 156 388 AND
2 1 157 388 389 XOR
2 1 221 220 390 AND
2 1 219 154 391 AND
3 1 219 218 153 392 AND
2 1 391 392 393 XOR
4 1 219 218 217 152 394 AND
2 1 393 394 395 XOR
2 1 155 395 396 XOR
4 1 219 218 217 216 397 AND
2 1 218 153 398 AND
3 1 218 217 152 399 AND
2 1 398 399 400 XOR
2 1 154 400 401 XOR
3 1 218 217 216 402 AND
2 1 217 152 403 AND
2 1 153 403 404 XOR
2 1 217 216 405 AND
2 1 215 150 406 AND
3 1 215 214 149 407 AND
2 1 406 407 408 XOR
4 1 215 214 213 148 409 AND
2 1 408 409 410 XOR
2 1 151 410 411 XOR
4 1 215 214 213 212 412 AND
2 1 214 149 413 AND
3 1 214 213 148 414 AND
2 1 413 414 415 XOR
2 1 150 415 416 XOR
3 1 214 213 212 417 AND
2 1 213 148 418 AND
2 1 149 418 419 XOR
2 1 213 212 420 AND
2 1 211 146 421 AND
3 1 211 210 145 422 AND
2 1 421 422 423 XOR
4 1 211 210 209 144 424 AND
2 1 423 424 425 XOR
2 1 147 425 426 XOR
4 1 211 210 209 208 427 AND
2 1 210 145 428 AND
3 1 210 209 144 429 AND
2 1 428 429 430 XOR
2 1 146 430 431 XOR
3 1 210 209 208 432 AND
2 1 209 144 433 AND
2 1 145 433 434 XOR
2 1 209 208 435 AND
2 1 207 142 436 AND
3 1 207 206 141 437 AND
2 1 436 437 438 XOR
4 1 207 206 205 140 439 AND
2 1 438 439 440 XOR
2 1 143 440 441 XOR
4 1 207 206 205 204 442 AND
2 1 206 141 443 AND
3 1 206 205 140 444 AND
2 1 443 444 445 XOR
2 1 142 445 446 XOR
3 1 206 205 204 447 AND
2 1 205 140 448 AND
2 1 141 448 449 XOR
2 1 205 204 450 AND
2 1 203 138 451 AND
3 1 203 202 137 452 AND
2 1 451 452 453 XOR
4 1 203 202 201 136 454 AND
2 1 453 454 455 XOR
2 1 139 455 456 XOR
4 1 203 202 201 200 457 AND
2 1 202 137 458 AND
3 1 202 201 136 459 AND
2 1 458 459 460 XOR
2 1 138 460 461 XOR
3 1 202 201 200 462 AND
2 1 201 136 463 AND
2 1 137 463 464 XOR
2 1 201 200 465 AND
2 1 199 134 466 AND
3 1 199 198 133 467 AND
2 1 466 467 468 XOR
4 1 199 198 197 132 469 AND
2 1 468 469 470 XOR
2 1 135 470 471 XOR
4 1 199 198 197 196 472 AND
2 1 198 133 473 AND
3 1 198 197 132 474 AND
2 1 473 474 475 XOR
2 1 134 475 476 XOR
3 1 198 197 196 477 AND
2 1 197 132 478 AND
2 1 133 478 479 XOR
2 1 197 196 480 AND
2 1 195 130 481 AND
3 1 195 194 129 482 AND
2 1 481 482 483 XOR
4 1 195 194 193 128 484 AND
2 1 483 484 485 XOR
2 1 131 485 486 XOR
2 1 194 129 487 AND
3 1 194 193 128 488 AND
2 1 487 488 489 XOR
2 1 130 489 490 XOR
2 1 193 128 491 AND
2 1 129 491 492 XOR
2 1 262 276 493 AND
3 1 262 277 291 494 AND
2 1 493 494 495 XOR
4 1 262 277 292 306 496 AND
2 1 495 496 497 XOR
2 1 261 497 498 XOR
4 1 262 277 292 307 499 AND
2 1 267 276 500 AND
3 1 267 277 291 501 AND
2 1 500 501 502 XOR
4 1 267 277 292 306 503 AND
2 1 502 503 504 XOR
2 1 266 504 505 XOR
4 1 267 277 292 307 506 AND
2 1 270 276 507 AND
3 1 270 277 291 508 AND
2 1 507 508 509 XOR
4 1 270 277 292 306 510 AND
2 1 509 510 511 XOR
2 1 269 511 512 XOR
4 1 270 277 292 307 513 AND
2 1 252 276 514 AND
3 1 252 277 291 515 AND
2 1 514 515 516 XOR
4 1 252 277 292 306 517 AND
2 1 516 517 518 XOR
2 1 188 518 519 XOR
4 1 252 277 292 307 520 AND
2 1 277 291 521 AND
3 1 277 292 306 522 AND
2 1 521 522 523 XOR
2 1 276 523 524 XOR
3 1 277 292 307 525 AND
2 1 282 291 526 AND
3 1 282 292 306 527 AND
2 1 526 527 528 XOR
2 1 281 528 529 XOR
3 1 282 292 307 530 AND
2 1 285 291 531 AND
3 1 285 292 306 532 AND
2 1 531 532 533 XOR
2 1 284 533 534 XOR
3 1 285 292 307 535 AND
2 1 248 291 536 AND
3 1 248 292 306 537 AND
2 1 536 537 538 XOR
2 1 184 538 539 XOR
3 1 248 292 307 540 AND
2 1 292 306 541 AND
2 1 291 541 542 XOR
2 1 292 307 543 AND
2 1 297 306 544 AND
2 1 296 544 545 XOR
2 1 297 307 546 AND
2 1 300 306 547 AND
2 1 299 547 548 XOR
2 1 300 307 549 AND
2 1 244 306 550 AND
2 1 180 550 551 XOR
2 1 244 307 552 AND
2 1 322 336 553 AND
3 1 322 337 351 554 AND
2 1 553 554 555 XOR
4 1 322 337 352 366 556 AND
2 1 555 556 557 XOR
2 1 321 557 558 XOR
4 1 322 337 352 367 559 AND
2 1 327 336 560 AND
3 1 327 337 351 561 AND
2 1 560 561 562 XOR
4 1 327 337 352 366 563 AND
2 1 562 563 564 XOR
2 1 326 564 565 XOR
4 1 327 337 352 367 566 AND
2 1 330 336 567 AND
3 1 330 337 351 568 AND
2 1 567 568 569 XOR
4 1 330 337 352 366 570 AND
2 1 569 570 571 XOR
2 1 329 571 572 XOR
4 1 330 337 352 367 573 AND
2 1 236 336 574 AND
3 1 236 337 351 575 AND
2 1 574 575 576 XOR
4 1 236 337 352 366 577 AND
2 1 576 577 578 XOR
2 1 172 578 579 XOR
4 1 236 337 352 367 580 AND
2 1 337 351 581 AND
3 1 337 352 366 582 AND
2 1 581 582 583 XOR
2 1 336 583 584 XOR
3 1 337 352 367 585 AND
2 1 342 351 586 AND
3 1 342 352 366 587 AND
2 1 586 587 588 XOR
2 1 341 588 589 XOR
3 1 342 352 367 590 AND
2 1 345 351 591 AND
3 1 345 352 366 592 AND
2 1 591 592 593 XOR
2 1 344 593 594 XOR
3 1 345 352 367 595 AND
2 1 232 351 596 AND
3 1 232 352 366 597 AND
2 1 596 597 598 XOR
2 1 168 598 599 XOR
3 1 232 352 367 600 AND
2 1 352 366 601 AND
2 1 351 601 602 XOR
2 1 352 367 603 AND
2 1 357 366 604 AND
2 1 356 604 605 XOR
2 1 357 367 606 AND
2 1 360 366 607 AND
2 1 359 607 608 XOR
2 1 360 367 609 AND
2 1 228 366 610 AND
2 1 164 610 611 XOR
2 1 228 367 612 AND
2 1 382 396 613 AND
3 1 382 397 411 614 AND
2 1 613 614 615 XOR
4 1 382 397 412 426 616 AND
2 1 615 616 617 XOR
2 1 381 617 618 XOR
4 1 382 397 412 427 619 AND
2 1 387 396 620 AND
3 1 387 397 411 621 AND
2 1 620 621 622 XOR
4 1 387 397 412 426 623 AND
2 1 622 623 624 XOR
2 1 386 624 625 XOR
4 1 387 397 412 427 626 AND
2 1 390 396 627 AND
3 1 390 397 411 628 AND
2 1 627 628 629 XOR
4 1 390 397 412 426 630 AND
2 1 629 630 631 XOR
2 1 389 631 632 XOR
4 1 390 397 412 427 633 AND
2 1 220 396 634 AND
3 1 220 397 411 635 AND
2 1 634 635 636 XOR
4 1 220 397 412 426 637 AND
2 1 636 637 638 XOR
2 1 156 638 639 XOR
4 1 220 397 412 427 640 AND
2 1 397 411 641 AND
3 1 397 412 426 642 AND
2 1 641 642 643 XOR
2 1 396 643 644 XOR
3 1 397 412 427 645 AND
2 1 402 411 646 AND
3 1 402 412 426 647 AND
2 1 646 647 648 XOR
2 1 401 648 649 XOR
3 1 402 412 427 650 AND
2 1 405 411 651 AND
3 1 405 412 426 652 AND
2 1 651 652 653 XOR
2 1 404 653 654 XOR
3 1 405 412 427 655 AND
2 1 216 411 656 AND
3 1 216 412 426 657 AND
2 1 656 657 658 XOR
2 1 152 658 659 XOR
3 1 216 412 427 660 AND
2 1 412 426 661 AND
2 1 411 661 662 XOR
2 1 412 427 663 AND
2 1 417 426 664 AND
2 1 416 664 665 XOR
2 1 417 427 666 AND
2 1 420 426 667 AND
2 1 419 667 668 XOR
2 1 420 427 669 AND
2 1 212 426 670 AND
2 1 148 670 671 XOR
2 1 212 427 672 AND
2 1 442 456 673 AND
3 1 442 457 471 674 AND
2 1 673 674 675 XOR
4 1 442 457 472 486 676 AND
2 1 675 676 677 XOR
2 1 441 677 678 XOR
2 1 447 456 679 AND
3 1 447 457 471 680 AND
2 1 679 680 681 XOR
4 1 447 457 472 486 682 AND
2 1 681 682 683 XOR
2 1 446 683 684 XOR
2 1 450 456 685 AND
3 1 450 457 471 686 AND
2 1 685 686 687 XOR
4 1 450 457 472 486 688 AND
2 1 687 688 689 XOR
2 1 449 689 690 XOR
2 1 204 456 691 AND
3 1 204 457 471 692 AND
2 1 691 692 693 XOR
4 1 204 457 472 486 694 AND
2 1 693 694 695 XOR
2 1 140 695 696 XOR
2 1 457 471 697 AND
3 1 457 472 486 698 AND
2 1 697 698 699 XOR
2 1 456 699 700 XOR
2 1 462 471 701 AND
3 1 462 472 486 702 AND
2 1 701 702 703 XOR
2 1 461 703 704 XOR
2 1 465 471 705 AND
3 1 465 472 486 706 AND
2 1 705 706 707 XOR
2 1 464 707 708 XOR
2 1 200 471 709 AND
3 1 200 472 486 710 AND
2 1 709 710 711 XOR
2 1 136 711 712 XOR
2 1 472 486 713 AND
2 1 471 713 714 XOR
2 1 477 486 715 AND
2 1 476 715 716 XOR
2 1 480 486 717 AND
2 1 479 717 718 XOR
2 1 196 486 719 AND
2 1 132 719 720 XOR
2 1 499 558 721 AND
3 1 499 559 618 722 AND
2 1 721 722 723 XOR
4 1 499 559 619 678 724 AND
2 1 723 724 725 XOR
2 1 498 725 726 XOR
2 1 506 558 727 AND
3 1 506 559 618 728 AND
2 1 727 728 729 XOR
4 1 506 559 619 678 730 AND
2 1 729 730 731 XOR
2 1 505 731 732 XOR
2 1 513 558 733 AND
3 1 513 559 618 734 AND
2 1 733 734 735 XOR
4 1 513 559 619 678 736 AND
2 1 735 736 737 XOR
2 1 512 737 738 XOR
2 1 520 558 739 AND
3 1 520 559 618 740 AND
2 1 739 740 741 XOR
4 1 520 559 619 678 742 AND
2 1 741 742 743 XOR
2 1 519 743 744 XOR
2 1 525 558 745 AND
3 1 525 559 618 746 AND
2 1 745 746 747 XOR
4 1 525 559 619 678 748 AND
2 1 747 748 749 XOR
2 1 524 749 750 XOR
2 1 530 558 751 AND
3 1 530 559 618 752 AND
2 1 751 752 753 XOR
4 1 530 559 619 678 754 AND
2 1 753 754 755 XOR
2 1 529 755 756 XOR
2 1 535 558 757 AND
3 1 535 559 618 758 AND
2 1 757 758 759 XOR
4 1 535 559 619 678 760 AND
2 1 759 760 761 XOR
2 1 534 761 762 XOR
2 1 540 558 763 AND
3 1 540 559 618 764 AND
2 1 763 764 765 XOR
4 1 540 559 619 678 766 AND
2 1 765 766 767 XOR
2 1 539 767 768 XOR
2 1 543 558 769 AND
3 1 543 559 618 770 AND
2 1 769 770 771 XOR
4 1 543 559 619 678 772 AND
2 1 771 772 773 XOR
2 1 542 773 774 XOR
2 1 546 558 775 AND
3 1 546 559 618 776 AND
2 1 775 776 777 XOR
4 1 546 559 619 678 778 AND
2 1 777 778 779 XOR
2 1 545 779 780 XOR
2 1 549 558 781 AND
3 1 549 559 618 782 AND
2 1 781 782 783 XOR
4 1 549 559 619 678 784 AND
2 1 783 784 785 XOR
2 1 548 785 786 XOR
2 1 552 558 787 AND
3 1 552 559 618 788 AND
2 1 787 788 789 XOR
4 1 552 559 619 678 790 AND
2 1 789 790 791 XOR
2 1 551 791 792 XOR
2 1 307 558 793 AND
3 1 307 559 618 794 AND
2 1 793 794 795 XOR
4 1 307 559 619 678 796 AND
2 1 795 796 797 XOR
2 1 306 797 798 XOR
2 1 312 558 799 AND
3 1 312 559 618 800 AND
2 1 799 800 801 XOR
4 1 312 559 619 678 802 AND
2 1 801 802 803 XOR
2 1 311 803 804 XOR
2 1 315 558 805 AND
3 1 315 559 618 806 AND
2 1 805 806 807 XOR
4 1 315 559 619 678 808 AND
2 1 807 808 809 XOR
2 1 314 809 810 XOR
2 1 240 558 811 AND
3 1 240 559 618 812 AND
2 1 811 812 813 XOR
4 1 240 559 619 678 814 AND
2 1 813 814 815 XOR
2 1 176 815 816 XOR
2 1 559 618 817 AND
3 1 559 619 678 818 AND
2 1 817 818 819 XOR
2 1 558 819 820 XOR
2 1 566 618 821 AND
3 1 566 619 678 822 AND
2 1 821 822 823 XOR
2 1 565 823 824 XOR
2 1 573 618 825 AND
3 1 573 619 678 826 AND
2 1 825 826 827 XOR
2 1 572 827 828 XOR
2 1 580 618 829 AND
3 1 580 619 678 830 AND
2 1 829 830 831 XOR
2 1 579 831 832 XOR
2 1 585 618 833 AND
3 1 585 619 678 834 AND
2 1 833 834 835 XOR
2 1 584 835 836 XOR
2 1 590 618 837 AND
3 1 590 619 678 838 AND
2 1 837 838 839 XOR
2 1 589 839 840 XOR
2 1 595 618 841 AND
3 1 595 619 678 842 AND
2 1 841 842 843 XOR
2 1 594 843 844 XOR
2 1 600 618 845 AND
3 1 600 619 678 846 AND
2 1 845 846 847 XOR
2 1 599 847 848 XOR
2 1 603 618 849 AND
3 1 603 619 678 850 AND
2 1 849 850 851 XOR
2 1 602 851 852 XOR
2 1 606 618 853 AND
3 1 606 619 678 854 AND
2 1 853 854 855 XOR
2 1 605 855 856 XOR
2 1 609 618 857 AND
3 1 609 619 678 858 AND
2 1 857 858 859 XOR
2 1 608 859 860 XOR
2 1 612 618 861 AND
3 1 612 619 678 862 AND
2 1 861 862 863 XOR
2 1 611 863 864 XOR
2 1 367 618 865 AND
3 1 367 619 678 866 AND
2 1 865 866 867 XOR
2 1 366 867 868 XOR
2 1 372 618 869 AND
3 1 372 619 678 870 AND
2 1 869 870 871 XOR
2 1 371 871 872 XOR
2 1 375 618 873 AND
3 1 375 619 678 874 AND
2 1 873 874 875 XOR
2 1 374 875 876 XOR
2 1 224 618 877 AND
3 1 224 619 678 878 AND
2 1 877 878 879 XOR
2 1 160 879 880 XOR
2 1 619 678 881 AND
2 1 618 881 882 XOR
2 1 626 678 883 AND
2 1 625 883 884 XOR
2 1 633 678 885 AND
2 1 632 885 886 XOR
2 1 640 678 887 AND
2 1 639 887 888 XOR
2 1 645 678 889 AND
2 1 644 889 890 XOR
2 1 650 678 891 AND
2 1 649 891 892 XOR
2 1 655 678 893 AND
2 1 654 893 894 XOR
2 1 660 678 895 AND
2 1 659 895 896 XOR
2 1 663 678 897 AND
2 1 662 897 898 XOR
2 1 666 678 899 AND
2 1 665 899 900 XOR
2 1 669 678 901 AND
2 1 668 901 902 XOR
2 1 672 678 903 AND
2 1 671 903 904 XOR
2 1 427 678 905 AND
2 1 426 905 906 XOR
2 1 432 678 907 AND
2 1 431 907 908 XOR
2 1 435 678 909 AND
2 1 434 909 910 XOR
2 1 208 678 911 AND
2 1 144 911 912 XOR
1 1 192 913 EQW
2 1 193 128 914 XOR
2 1 194 492 915 XOR
2 1 195 490 916 XOR
2 1 196 486 917 XOR
2 1 197 720 918 XOR
2 1 198 718 919 XOR
2 1 199 716 920 XOR
2 1 200 714 921 XOR
2 1 201 712 922 XOR
2 1 202 708 923 XOR
2 1 203 704 924 XOR
2 1 204 700 925 XOR
2 1 205 696 926 XOR
2 1 206 690 927 XOR
2 1 207 684 928 XOR
2 1 208 678 929 XOR
2 1 209 912 930 XOR
2 1 210 910 931 XOR
2 1 211 908 932 XOR
2 1 212 906 933 XOR
2 1 213 904 934 XOR
2 1 214 902 935 XOR
2 1 215 900 936 XOR
2 1 216 898 937 XOR
2 1 217 896 938 XOR
2 1 218 894 939 XOR
2 1 219 892 940 XOR
2 1 220 890 941 XOR
2 1 221 888 942 XOR
2 1 222 886 943 XOR
2 1 223 884 944 XOR
2 1 224 882 945 XOR
2 1 225 880 946 XOR
2 1 226 876 947 XOR
2 1 227 872 948 XOR
2 1 228 868 949 XOR
2 1 229 864 950 XOR
2 1 230 860 951 XOR
2 1 231 856 952 XOR
2 1 232 852 953 XOR
2 1 233 848 954 XOR
2 1 234 844 955 XOR
2 1 235 840 956 XOR
2 1 236 836 957 XOR
2 1 237 832 958 XOR
2 1 238 828 959 XOR
2 1 239 824 960 XOR
2 1 240 820 961 XOR
2 1 241 816 962 XOR
2 1 242 810 963 XOR
2 1 243 804 964 XOR
2 1 244 798 965 XOR
2 1 245 792 966 XOR
2 1 246 786 967 XOR
2 1 247 780 968 XOR
2 1 248 774 969 XOR
2 1 249 768 970 XOR
2 1 250 762 971 XOR
2 1 251 756 972 XOR
2 1 252 750 973 XOR
2 1 253 744 974 XOR
2 1 254 738 975 XOR
2 1 255 732 976 XOR
