353 417
2 32 32
1 32

2 1 0 32 64 AND
2 1 1 33 65 AND
2 1 2 34 66 AND
2 1 3 35 67 AND
2 1 4 36 68 AND
2 1 5 37 69 AND
2 1 6 38 70 AND
2 1 7 39 71 AND
2 1 8 40 72 AND
2 1 9 41 73 AND
2 1 10 42 74 AND
2 1 11 43 75 AND
2 1 12 44 76 AND
2 1 13 45 77 AND
2 1 14 46 78 AND
2 1 15 47 79 AND
2 1 16 48 80 AND
2 1 17 49 81 AND
2 1 18 50 82 AND
2 1 19 51 83 AND
2 1 20 52 84 AND
2 1 21 53 85 AND
2 1 22 54 86 AND
2 1 23 55 87 AND
2 1 24 56 88 AND
2 1 25 57 89 AND
2 1 26 58 90 AND
2 1 27 59 91 AND
2 1 28 60 92 AND
2 1 29 61 93 AND
2 1 30 62 94 AND
2 1 31 63 95 AND
2 1 0 32 96 XOR
2 1 1 33 97 XOR
2 1 2 34 98 XOR
2 1 3 35 99 XOR
2 1 4 36 100 XOR
2 1 5 37 101 XOR
2 1 6 38 102 XOR
2 1 7 39 103 XOR
2 1 8 40 104 XOR
2 1 9 41 105 XOR
2 1 10 42 106 XOR
2 1 11 43 107 XOR
2 1 12 44 108 XOR
2 1 13 45 109 XOR
2 1 14 46 110 XOR
2 1 15 47 111 XOR
2 1 16 48 112 XOR
2 1 17 49 113 XOR
2 1 18 50 114 XOR
2 1 19 51 115 XOR
2 1 20 52 116 XOR
2 1 21 53 117 XOR
2 1 22 54 118 XOR
2 1 23 55 119 XOR
2 1 24 56 120 XOR
2 1 25 57 121 XOR
2 1 26 58 122 XOR
2 1 27 59 123 XOR
2 1 28 60 124 XOR
2 1 29 61 125 XOR
2 1 30 62 126 XOR
2 1 31 63 127 XOR
2 1 127 94 128 AND
3 1 127 126 93 129 AND
2 1 128 129 130 XOR
4 1 127 126 125 92 131 AND
2 1 130 131 132 XOR
2 1 95 132 133 XOR
4 1 127 126 125 124 134 AND
2 1 126 93 135 AND
3 1 126 125 92 136 AND
2 1 135 136 137 XOR
2 1 94 137 138 XOR
3 1 126 125 124 139 AND
2 1 125 92 140 AND
2 1 93 140 141 XOR
2 1 125 124 142 AND
2 1 123 90 143 AND
3 1 123 122 89 144 AND
2 1 143 144 145 XOR
4 1 123 122 121 88 146 AND
2 1 145 146 147 XOR
2 1 91 147 148 XOR
4 1 123 122 121 120 149 AND
2 1 122 89 150 AND
3 1 122 121 88 151 AND
2 1 150 151 152 XOR
2 1 90 152 153 XOR
3 1 122 121 120 154 AND
2 1 121 88 155 AND
2 1 89 155 156 XOR
2 1 121 120 157 AND
2 1 119 86 158 AND
3 1 119 118 85 159 AND
2 1 158 159 160 XOR
4 1 119 118 117 84 161 AND
2 1 160 161 162 XOR
2 1 87 162 163 XOR
4 1 119 118 117 116 164 AND
2 1 118 85 165 AND
3 1 118 117 84 166 AND
2 1 165 166 167 XOR
2 1 86 167 168 XOR
3 1 118 117 116 169 AND
2 1 117 84 170 AND
2 1 85 170 171 XOR
2 1 117 116 172 AND
2 1 115 82 173 AND
3 1 115 114 81 174 AND
2 1 173 174 175 XOR
4 1 115 114 113 80 176 AND
2 1 175 176 177 XOR
2 1 83 177 178 XOR
4 1 115 114 113 112 179 AND
2 1 114 81 180 AND
3 1 114 113 80 181 AND
2 1 180 181 182 XOR
2 1 82 182 183 XOR
3 1 114 113 112 184 AND
2 1 113 80 185 AND
2 1 81 185 186 XOR
2 1 113 112 187 AND
2 1 111 78 188 AND
3 1 111 110 77 189 AND
2 1 188 189 190 XOR
4 1 111 110 109 76 191 AND
2 1 190 191 192 XOR
2 1 79 192 193 XOR
4 1 111 110 109 108 194 AND
2 1 110 77 195 AND
3 1 110 109 76 196 AND
2 1 195 196 197 XOR
2 1 78 197 198 XOR
3 1 110 109 108 199 AND
2 1 109 76 200 AND
2 1 77 200 201 XOR
2 1 109 108 202 AND
2 1 107 74 203 AND
3 1 107 106 73 204 AND
2 1 203 204 205 XOR
4 1 107 106 105 72 206 AND
2 1 205 206 207 XOR
2 1 75 207 208 XOR
4 1 107 106 105 104 209 AND
2 1 106 73 210 AND
3 1 106 105 72 211 AND
2 1 210 211 212 XOR
2 1 74 212 213 XOR
3 1 106 105 104 214 AND
2 1 105 72 215 AND
2 1 73 215 216 XOR
2 1 105 104 217 AND
2 1 103 70 218 AND
3 1 103 102 69 219 AND
2 1 218 219 220 XOR
4 1 103 102 101 68 221 AND
2 1 220 221 222 XOR
2 1 71 222 223 XOR
4 1 103 102 101 100 224 AND
2 1 102 69 225 AND
3 1 102 101 68 226 AND
2 1 225 226 227 XOR
2 1 70 227 228 XOR
3 1 102 101 100 229 AND
2 1 101 68 230 AND
2 1 69 230 231 XOR
2 1 101 100 232 AND
2 1 99 66 233 AND
3 1 99 98 65 234 AND
2 1 233 234 235 XOR
4 1 99 98 97 64 236 AND
2 1 235 236 237 XOR
2 1 67 237 238 XOR
2 1 98 65 239 AND
3 1 98 97 64 240 AND
2 1 239 240 241 XOR
2 1 66 241 242 XOR
2 1 97 64 243 AND
2 1 65 243 244 XOR
2 1 134 148 245 AND
3 1 134 149 163 246 AND
2 1 245 246 247 XOR
4 1 134 149 164 178 248 AND
2 1 247 248 249 XOR
2 1 133 249 250 XOR
4 1 134 149 164 179 251 AND
2 1 139 148 252 AND
3 1 139 149 163 253 AND
2 1 252 253 254 XOR
4 1 139 149 164 178 255 AND
2 1 254 255 256 XOR
2 1 138 256 257 XOR
4 1 139 149 164 179 258 AND
2 1 142 148 259 AND
3 1 142 149 163 260 AND
2 1 259 260 261 XOR
4 1 142 149 164 178 262 AND
2 1 261 262 263 XOR
2 1 141 263 264 XOR
4 1 142 149 164 179 265 AND
2 1 124 148 266 AND
3 1 124 149 163 267 AND
2 1 266 267 268 XOR
4 1 124 149 164 178 269 AND
2 1 268 269 270 XOR
2 1 92 270 271 XOR
4 1 124 149 164 179 272 AND
2 1 149 163 273 AND
3 1 149 164 178 274 AND
2 1 273 274 275 XOR
2 1 148 275 276 XOR
3 1 149 164 179 277 AND
2 1 154 163 278 AND
3 1 154 164 178 279 AND
2 1 278 279 280 XOR
2 1 153 280 281 XOR
3 1 154 164 179 282 AND
2 1 157 163 283 AND
3 1 157 164 178 284 AND
2 1 283 284 285 XOR
2 1 156 285 286 XOR
3 1 157 164 179 287 AND
2 1 120 163 288 AND
3 1 120 164 178 289 AND
2 1 288 289 290 XOR
2 1 88 290 291 XOR
3 1 120 164 179 292 AND
2 1 164 178 293 AND
2 1 163 293 294 XOR
2 1 164 179 295 AND
2 1 169 178 296 AND
2 1 168 296 297 XOR
2 1 169 179 298 AND
2 1 172 178 299 AND
2 1 171 299 300 XOR
2 1 172 179 301 AND
2 1 116 178 302 AND
2 1 84 302 303 XOR
2 1 116 179 304 AND
2 1 194 208 305 AND
3 1 194 209 223 306 AND
2 1 305 306 307 XOR
4 1 194 209 224 238 308 AND
2 1 307 308 309 XOR
2 1 193 309 310 XOR
2 1 199 208 311 AND
3 1 199 209 223 312 AND
2 1 311 312 313 XOR
4 1 199 209 224 238 314 AND
2 1 313 314 315 XOR
2 1 198 315 316 XOR
2 1 202 208 317 AND
3 1 202 209 223 318 AND
2 1 317 318 319 XOR
4 1 202 209 224 238 320 AND
2 1 319 320 321 XOR
2 1 201 321 322 XOR
2 1 108 208 323 AND
3 1 108 209 223 324 AND
2 1 323 324 325 XOR
4 1 108 209 224 238 326 AND
2 1 325 326 327 XOR
2 1 76 327 328 XOR
2 1 209 223 329 AND
3 1 209 224 238 330 AND
2 1 329 330 331 XOR
2 1 208 331 332 XOR
2 1 214 223 333 AND
3 1 214 224 238 334 AND
2 1 333 334 335 XOR
2 1 213 335 336 XOR
2 1 217 223 337 AND
3 1 217 224 238 338 AND
2 1 337 338 339 XOR
2 1 216 339 340 XOR
2 1 104 223 341 AND
3 1 104 224 238 342 AND
2 1 341 342 343 XOR
2 1 72 343 344 XOR
2 1 224 238 345 AND
2 1 223 345 346 XOR
2 1 229 238 347 AND
2 1 228 347 348 XOR
2 1 232 238 349 AND
2 1 231 349 350 XOR
2 1 100 238 351 AND
2 1 68 351 352 XOR
2 1 251 310 353 AND
2 1 250 353 354 XOR
2 1 258 310 355 AND
2 1 257 355 356 XOR
2 1 265 310 357 AND
2 1 264 357 358 XOR
2 1 272 310 359 AND
2 1 271 359 360 XOR
2 1 277 310 361 AND
2 1 276 361 362 XOR
2 1 282 310 363 AND
2 1 281 363 364 XOR
2 1 287 310 365 AND
2 1 286 365 366 XOR
2 1 292 310 367 AND
2 1 291 367 368 XOR
2 1 295 310 369 AND
2 1 294 369 370 XOR
2 1 298 310 371 AND
2 1 297 371 372 XOR
2 1 301 310 373 AND
2 1 300 373 374 XOR
2 1 304 310 375 AND
2 1 303 375 376 XOR
2 1 179 310 377 AND
2 1 178 377 378 XOR
2 1 184 310 379 AND
2 1 183 379 380 XOR
2 1 187 310 381 AND
2 1 186 381 382 XOR
2 1 112 310 383 AND
2 1 80 383 384 XOR
1 1 96 385 EQW
2 1 97 64 386 XOR
2 1 98 244 387 XOR
2 1 99 242 388 XOR
2 1 100 238 389 XOR
2 1 101 352 390 XOR
2 1 102 350 391 XOR
2 1 103 348 392 XOR
2 1 104 346 393 XOR
2 1 105 344 394 XOR
2 1 106 340 395 XOR
2 1 107 336 396 XOR
2 1 108 332 397 XOR
2 1 109 328 398 XOR
2 1 110 322 399 XOR
2 1 111 316 400 XOR
2 1 112 310 401 XOR
2 1 113 384 402 XOR
2 1 114 382 403 XOR
2 1 115 380 404 XOR
2 1 116 378 405 XOR
2 1 117 376 406 XOR
2 1 118 374 407 XOR
2 1 119 372 408 XOR
2 1 120 370 409 XOR
2 1 121 368 410 XOR
2 1 122 366 411 XOR
2 1 123 364 412 XOR
2 1 124 362 413 XOR
2 1 125 360 414 XOR
2 1 126 358 415 XOR
2 1 127 356 416 XOR
