2408 2440
2 16 16
1 32

2 1 0 16 32 AND
2 1 0 17 33 AND
2 1 0 18 34 AND
2 1 0 19 35 AND
2 1 0 20 36 AND
2 1 0 21 37 AND
2 1 0 22 38 AND
2 1 0 23 39 AND
2 1 0 24 40 AND
2 1 0 25 41 AND
2 1 0 26 42 AND
2 1 0 27 43 AND
2 1 0 28 44 AND
2 1 0 29 45 AND
2 1 0 30 46 AND
2 1 0 31 47 AND
2 1 1 16 48 AND
2 1 1 17 49 AND
2 1 1 18 50 AND
2 1 1 19 51 AND
2 1 1 20 52 AND
2 1 1 21 53 AND
2 1 1 22 54 AND
2 1 1 23 55 AND
2 1 1 24 56 AND
2 1 1 25 57 AND
2 1 1 26 58 AND
2 1 1 27 59 AND
2 1 1 28 60 AND
2 1 1 29 61 AND
2 1 1 30 62 AND
2 1 1 31 63 AND
2 1 2 16 64 AND
2 1 2 17 65 AND
2 1 2 18 66 AND
2 1 2 19 67 AND
2 1 2 20 68 AND
2 1 2 21 69 AND
2 1 2 22 70 AND
2 1 2 23 71 AND
2 1 2 24 72 AND
2 1 2 25 73 AND
2 1 2 26 74 AND
2 1 2 27 75 AND
2 1 2 28 76 AND
2 1 2 29 77 AND
2 1 2 30 78 AND
2 1 2 31 79 AND
2 1 3 16 80 AND
2 1 3 17 81 AND
2 1 3 18 82 AND
2 1 3 19 83 AND
2 1 3 20 84 AND
2 1 3 21 85 AND
2 1 3 22 86 AND
2 1 3 23 87 AND
2 1 3 24 88 AND
2 1 3 25 89 AND
2 1 3 26 90 AND
2 1 3 27 91 AND
2 1 3 28 92 AND
2 1 3 29 93 AND
2 1 3 30 94 AND
2 1 3 31 95 AND
2 1 4 16 96 AND
2 1 4 17 97 AND
2 1 4 18 98 AND
2 1 4 19 99 AND
2 1 4 20 100 AND
2 1 4 21 101 AND
2 1 4 22 102 AND
2 1 4 23 103 AND
2 1 4 24 104 AND
2 1 4 25 105 AND
2 1 4 26 106 AND
2 1 4 27 107 AND
2 1 4 28 108 AND
2 1 4 29 109 AND
2 1 4 30 110 AND
2 1 4 31 111 AND
2 1 5 16 112 AND
2 1 5 17 113 AND
2 1 5 18 114 AND
2 1 5 19 115 AND
2 1 5 20 116 AND
2 1 5 21 117 AND
2 1 5 22 118 AND
2 1 5 23 119 AND
2 1 5 24 120 AND
2 1 5 25 121 AND
2 1 5 26 122 AND
2 1 5 27 123 AND
2 1 5 28 124 AND
2 1 5 29 125 AND
2 1 5 30 126 AND
2 1 5 31 127 AND
2 1 6 16 128 AND
2 1 6 17 129 AND
2 1 6 18 130 AND
2 1 6 19 131 AND
2 1 6 20 132 AND
2 1 6 21 133 AND
2 1 6 22 134 AND
2 1 6 23 135 AND
2 1 6 24 136 AND
2 1 6 25 137 AND
2 1 6 26 138 AND
2 1 6 27 139 AND
2 1 6 28 140 AND
2 1 6 29 141 AND
2 1 6 30 142 AND
2 1 6 31 143 AND
2 1 7 16 144 AND
2 1 7 17 145 AND
2 1 7 18 146 AND
2 1 7 19 147 AND
2 1 7 20 148 AND
2 1 7 21 149 AND
2 1 7 22 150 AND
2 1 7 23 151 AND
2 1 7 24 152 AND
2 1 7 25 153 AND
2 1 7 26 154 AND
2 1 7 27 155 AND
2 1 7 28 156 AND
2 1 7 29 157 AND
2 1 7 30 158 AND
2 1 7 31 159 AND
2 1 8 16 160 AND
2 1 8 17 161 AND
2 1 8 18 162 AND
2 1 8 19 163 AND
2 1 8 20 164 AND
2 1 8 21 165 AND
2 1 8 22 166 AND
2 1 8 23 167 AND
2 1 8 24 168 AND
2 1 8 25 169 AND
2 1 8 26 170 AND
2 1 8 27 171 AND
2 1 8 28 172 AND
2 1 8 29 173 AND
2 1 8 30 174 AND
2 1 8 31 175 AND
2 1 9 16 176 AND
2 1 9 17 177 AND
2 1 9 18 178 AND
2 1 9 19 179 AND
2 1 9 20 180 AND
2 1 9 21 181 AND
2 1 9 22 182 AND
2 1 9 23 183 AND
2 1 9 24 184 AND
2 1 9 25 185 AND
2 1 9 26 186 AND
2 1 9 27 187 AND
2 1 9 28 188 AND
2 1 9 29 189 AND
2 1 9 30 190 AND
2 1 9 31 191 AND
2 1 10 16 192 AND
2 1 10 17 193 AND
2 1 10 18 194 AND
2 1 10 19 195 AND
2 1 10 20 196 AND
2 1 10 21 197 AND
2 1 10 22 198 AND
2 1 10 23 199 AND
2 1 10 24 200 AND
2 1 10 25 201 AND
2 1 10 26 202 AND
2 1 10 27 203 AND
2 1 10 28 204 AND
2 1 10 29 205 AND
2 1 10 30 206 AND
2 1 10 31 207 AND
2 1 11 16 208 AND
2 1 11 17 209 AND
2 1 11 18 210 AND
2 1 11 19 211 AND
2 1 11 20 212 AND
2 1 11 21 213 AND
2 1 11 22 214 AND
2 1 11 23 215 AND
2 1 11 24 216 AND
2 1 11 25 217 AND
2 1 11 26 218 AND
2 1 11 27 219 AND
2 1 11 28 220 AND
2 1 11 29 221 AND
2 1 11 30 222 AND
2 1 11 31 223 AND
2 1 12 16 224 AND
2 1 12 17 225 AND
2 1 12 18 226 AND
2 1 12 19 227 AND
2 1 12 20 228 AND
2 1 12 21 229 AND
2 1 12 22 230 AND
2 1 12 23 231 AND
2 1 12 24 232 AND
2 1 12 25 233 AND
2 1 12 26 234 AND
2 1 12 27 235 AND
2 1 12 28 236 AND
2 1 12 29 237 AND
2 1 12 30 238 AND
2 1 12 31 239 AND
2 1 13 16 240 AND
2 1 13 17 241 AND
2 1 13 18 242 AND
2 1 13 19 243 AND
2 1 13 20 244 AND
2 1 13 21 245 AND
2 1 13 22 246 AND
2 1 13 23 247 AND
2 1 13 24 248 AND
2 1 13 25 249 AND
2 1 13 26 250 AND
2 1 13 27 251 AND
2 1 13 28 252 AND
2 1 13 29 253 AND
2 1 13 30 254 AND
2 1 13 31 255 AND
2 1 14 16 256 AND
2 1 14 17 257 AND
2 1 14 18 258 AND
2 1 14 19 259 AND
2 1 14 20 260 AND
2 1 14 21 261 AND
2 1 14 22 262 AND
2 1 14 23 263 AND
2 1 14 24 264 AND
2 1 14 25 265 AND
2 1 14 26 266 AND
2 1 14 27 267 AND
2 1 14 28 268 AND
2 1 14 29 269 AND
2 1 14 30 270 AND
2 1 14 31 271 AND
2 1 15 16 272 AND
2 1 15 17 273 AND
2 1 15 18 274 AND
2 1 15 19 275 AND
2 1 15 20 276 AND
2 1 15 21 277 AND
2 1 15 22 278 AND
2 1 15 23 279 AND
2 1 15 24 280 AND
2 1 15 25 281 AND
2 1 15 26 282 AND
2 1 15 27 283 AND
2 1 15 28 284 AND
2 1 15 29 285 AND
2 1 15 30 286 AND
2 1 15 31 287 AND
2 1 271 286 288 XOR
2 1 271 286 289 AND
2 1 270 285 290 XOR
2 1 290 255 291 XOR
2 1 270 285 292 AND
2 1 255 290 293 AND
2 1 292 293 294 XOR
2 1 254 269 295 XOR
2 1 295 239 296 XOR
2 1 296 284 297 XOR
2 1 254 269 298 AND
2 1 239 295 299 AND
2 1 299 298 300 XOR
2 1 296 284 301 AND
2 1 300 301 302 XOR
4 1 239 254 269 284 303 AND
2 1 238 253 304 XOR
2 1 304 223 305 XOR
2 1 268 283 306 XOR
2 1 305 306 307 XOR
2 1 238 253 308 AND
2 1 223 304 309 AND
2 1 268 283 310 AND
2 1 305 306 311 AND
2 1 309 308 312 XOR
2 1 311 310 313 XOR
2 1 312 313 314 XOR
4 1 238 253 268 283 315 AND
4 1 223 268 283 304 316 AND
4 1 238 253 305 306 317 AND
4 1 223 304 305 306 318 AND
2 1 316 315 319 XOR
2 1 318 317 320 XOR
2 1 319 320 321 XOR
4 1 268 283 305 306 322 AND
2 1 321 322 323 XOR
2 1 222 237 324 XOR
2 1 324 207 325 XOR
2 1 267 282 326 XOR
2 1 326 252 327 XOR
2 1 325 327 328 XOR
2 1 222 237 329 AND
2 1 207 324 330 AND
2 1 267 282 331 AND
2 1 252 326 332 AND
2 1 330 329 333 XOR
2 1 332 331 334 XOR
2 1 333 334 335 XOR
2 1 325 327 336 AND
2 1 335 336 337 XOR
4 1 222 237 267 282 338 AND
4 1 222 237 252 326 339 AND
4 1 207 267 282 324 340 AND
4 1 207 252 324 326 341 AND
4 1 222 237 325 327 342 AND
4 1 267 282 325 327 343 AND
4 1 207 324 325 327 344 AND
4 1 252 326 325 327 345 AND
2 1 339 338 346 XOR
2 1 341 340 347 XOR
2 1 343 342 348 XOR
2 1 345 344 349 XOR
2 1 346 347 350 XOR
2 1 348 349 351 XOR
2 1 350 351 352 XOR
2 1 206 221 353 XOR
2 1 353 191 354 XOR
2 1 251 266 355 XOR
2 1 355 236 356 XOR
2 1 354 356 357 XOR
2 1 357 281 358 XOR
2 1 354 356 359 AND
2 1 281 357 360 AND
2 1 206 221 361 AND
2 1 191 353 362 AND
2 1 251 266 363 AND
2 1 236 355 364 AND
2 1 360 359 365 XOR
2 1 362 361 366 XOR
2 1 364 363 367 XOR
2 1 365 366 368 XOR
2 1 367 368 369 XOR
4 1 206 221 251 266 370 AND
4 1 206 221 236 355 371 AND
4 1 191 251 266 353 372 AND
4 1 191 236 353 355 373 AND
4 1 206 221 354 356 374 AND
4 1 206 221 281 357 375 AND
4 1 251 266 354 356 376 AND
4 1 251 266 281 357 377 AND
4 1 191 353 354 356 378 AND
4 1 191 353 281 357 379 AND
4 1 236 355 354 356 380 AND
4 1 236 355 281 357 381 AND
2 1 371 370 382 XOR
2 1 373 372 383 XOR
2 1 375 374 384 XOR
2 1 377 376 385 XOR
2 1 379 378 386 XOR
2 1 381 380 387 XOR
2 1 382 383 388 XOR
2 1 384 385 389 XOR
2 1 386 387 390 XOR
2 1 388 389 391 XOR
2 1 390 391 392 XOR
2 1 190 205 393 XOR
2 1 393 175 394 XOR
2 1 235 250 395 XOR
2 1 395 220 396 XOR
2 1 394 396 397 XOR
2 1 397 265 398 XOR
2 1 394 396 399 AND
2 1 265 397 400 AND
2 1 190 205 401 AND
2 1 175 393 402 AND
2 1 235 250 403 AND
2 1 220 395 404 AND
2 1 400 399 405 XOR
2 1 402 401 406 XOR
2 1 404 403 407 XOR
2 1 405 406 408 XOR
2 1 407 408 409 XOR
4 1 190 205 235 250 410 AND
4 1 190 205 220 395 411 AND
4 1 175 235 250 393 412 AND
4 1 175 220 393 395 413 AND
4 1 190 205 394 396 414 AND
4 1 190 205 265 397 415 AND
4 1 235 250 394 396 416 AND
4 1 235 250 265 397 417 AND
4 1 175 393 394 396 418 AND
4 1 175 393 265 397 419 AND
4 1 220 395 394 396 420 AND
4 1 220 395 265 397 421 AND
2 1 411 410 422 XOR
2 1 413 412 423 XOR
2 1 415 414 424 XOR
2 1 417 416 425 XOR
2 1 419 418 426 XOR
2 1 421 420 427 XOR
2 1 422 423 428 XOR
2 1 424 425 429 XOR
2 1 426 427 430 XOR
2 1 428 429 431 XOR
2 1 430 431 432 XOR
2 1 174 189 433 XOR
2 1 433 159 434 XOR
2 1 219 234 435 XOR
2 1 435 204 436 XOR
2 1 434 436 437 XOR
2 1 437 249 438 XOR
2 1 434 436 439 AND
2 1 249 437 440 AND
2 1 174 189 441 AND
2 1 159 433 442 AND
2 1 219 234 443 AND
2 1 204 435 444 AND
2 1 440 439 445 XOR
2 1 442 441 446 XOR
2 1 444 443 447 XOR
2 1 445 446 448 XOR
2 1 447 448 449 XOR
4 1 174 189 219 234 450 AND
4 1 174 189 204 435 451 AND
4 1 159 219 234 433 452 AND
4 1 159 204 433 435 453 AND
4 1 174 189 434 436 454 AND
4 1 174 189 249 437 455 AND
4 1 219 234 434 436 456 AND
4 1 219 234 249 437 457 AND
4 1 159 433 434 436 458 AND
4 1 159 433 249 437 459 AND
4 1 204 435 434 436 460 AND
4 1 204 435 249 437 461 AND
2 1 451 450 462 XOR
2 1 453 452 463 XOR
2 1 455 454 464 XOR
2 1 457 456 465 XOR
2 1 459 458 466 XOR
2 1 461 460 467 XOR
2 1 462 463 468 XOR
2 1 464 465 469 XOR
2 1 466 467 470 XOR
2 1 468 469 471 XOR
2 1 470 471 472 XOR
2 1 264 279 473 XOR
2 1 264 279 474 AND
2 1 158 173 475 XOR
2 1 475 143 476 XOR
2 1 203 218 477 XOR
2 1 477 188 478 XOR
2 1 476 478 479 XOR
2 1 479 233 480 XOR
2 1 476 478 481 AND
2 1 233 479 482 AND
2 1 158 173 483 AND
2 1 143 475 484 AND
2 1 203 218 485 AND
2 1 188 477 486 AND
2 1 482 481 487 XOR
2 1 484 483 488 XOR
2 1 486 485 489 XOR
2 1 487 488 490 XOR
2 1 489 490 491 XOR
4 1 158 173 203 218 492 AND
4 1 158 173 188 477 493 AND
4 1 143 203 218 475 494 AND
4 1 143 188 475 477 495 AND
4 1 158 173 476 478 496 AND
4 1 158 173 233 479 497 AND
4 1 203 218 476 478 498 AND
4 1 203 218 233 479 499 AND
4 1 143 475 476 478 500 AND
4 1 143 475 233 479 501 AND
4 1 188 477 476 478 502 AND
4 1 188 477 233 479 503 AND
2 1 493 492 504 XOR
2 1 495 494 505 XOR
2 1 497 496 506 XOR
2 1 499 498 507 XOR
2 1 501 500 508 XOR
2 1 503 502 509 XOR
2 1 504 505 510 XOR
2 1 506 507 511 XOR
2 1 508 509 512 XOR
2 1 510 511 513 XOR
2 1 512 513 514 XOR
2 1 263 278 515 XOR
2 1 515 248 516 XOR
2 1 263 278 517 AND
2 1 248 515 518 AND
2 1 517 518 519 XOR
2 1 142 157 520 XOR
2 1 520 127 521 XOR
2 1 187 202 522 XOR
2 1 522 172 523 XOR
2 1 521 523 524 XOR
2 1 524 217 525 XOR
2 1 521 523 526 AND
2 1 217 524 527 AND
2 1 142 157 528 AND
2 1 127 520 529 AND
2 1 187 202 530 AND
2 1 172 522 531 AND
2 1 527 526 532 XOR
2 1 529 528 533 XOR
2 1 531 530 534 XOR
2 1 532 533 535 XOR
2 1 534 535 536 XOR
4 1 142 157 187 202 537 AND
4 1 142 157 172 522 538 AND
4 1 127 187 202 520 539 AND
4 1 127 172 520 522 540 AND
4 1 142 157 521 523 541 AND
4 1 142 157 217 524 542 AND
4 1 187 202 521 523 543 AND
4 1 187 202 217 524 544 AND
4 1 127 520 521 523 545 AND
4 1 127 520 217 524 546 AND
4 1 172 522 521 523 547 AND
4 1 172 522 217 524 548 AND
2 1 538 537 549 XOR
2 1 540 539 550 XOR
2 1 542 541 551 XOR
2 1 544 543 552 XOR
2 1 546 545 553 XOR
2 1 548 547 554 XOR
2 1 549 550 555 XOR
2 1 551 552 556 XOR
2 1 553 554 557 XOR
2 1 555 556 558 XOR
2 1 557 558 559 XOR
2 1 247 262 560 XOR
2 1 560 232 561 XOR
2 1 561 277 562 XOR
2 1 247 262 563 AND
2 1 232 560 564 AND
2 1 564 563 565 XOR
2 1 561 277 566 AND
2 1 565 566 567 XOR
4 1 232 247 262 277 568 AND
2 1 126 141 569 XOR
2 1 569 111 570 XOR
2 1 171 186 571 XOR
2 1 571 156 572 XOR
2 1 570 572 573 XOR
2 1 573 201 574 XOR
2 1 570 572 575 AND
2 1 201 573 576 AND
2 1 126 141 577 AND
2 1 111 569 578 AND
2 1 171 186 579 AND
2 1 156 571 580 AND
2 1 576 575 581 XOR
2 1 578 577 582 XOR
2 1 580 579 583 XOR
2 1 581 582 584 XOR
2 1 583 584 585 XOR
4 1 126 141 171 186 586 AND
4 1 126 141 156 571 587 AND
4 1 111 171 186 569 588 AND
4 1 111 156 569 571 589 AND
4 1 126 141 570 572 590 AND
4 1 126 141 201 573 591 AND
4 1 171 186 570 572 592 AND
4 1 171 186 201 573 593 AND
4 1 111 569 570 572 594 AND
4 1 111 569 201 573 595 AND
4 1 156 571 570 572 596 AND
4 1 156 571 201 573 597 AND
2 1 587 586 598 XOR
2 1 589 588 599 XOR
2 1 591 590 600 XOR
2 1 593 592 601 XOR
2 1 595 594 602 XOR
2 1 597 596 603 XOR
2 1 598 599 604 XOR
2 1 600 601 605 XOR
2 1 602 603 606 XOR
2 1 604 605 607 XOR
2 1 606 607 608 XOR
2 1 231 246 609 XOR
2 1 609 216 610 XOR
2 1 261 276 611 XOR
2 1 610 611 612 XOR
2 1 231 246 613 AND
2 1 216 609 614 AND
2 1 261 276 615 AND
2 1 610 611 616 AND
2 1 614 613 617 XOR
2 1 616 615 618 XOR
2 1 617 618 619 XOR
4 1 231 246 261 276 620 AND
4 1 216 261 276 609 621 AND
4 1 231 246 610 611 622 AND
4 1 216 609 610 611 623 AND
2 1 621 620 624 XOR
2 1 623 622 625 XOR
2 1 624 625 626 XOR
4 1 261 276 610 611 627 AND
2 1 626 627 628 XOR
2 1 110 125 629 XOR
2 1 629 95 630 XOR
2 1 155 170 631 XOR
2 1 631 140 632 XOR
2 1 630 632 633 XOR
2 1 633 185 634 XOR
2 1 630 632 635 AND
2 1 185 633 636 AND
2 1 110 125 637 AND
2 1 95 629 638 AND
2 1 155 170 639 AND
2 1 140 631 640 AND
2 1 636 635 641 XOR
2 1 638 637 642 XOR
2 1 640 639 643 XOR
2 1 641 642 644 XOR
2 1 643 644 645 XOR
4 1 110 125 155 170 646 AND
4 1 110 125 140 631 647 AND
4 1 95 155 170 629 648 AND
4 1 95 140 629 631 649 AND
4 1 110 125 630 632 650 AND
4 1 110 125 185 633 651 AND
4 1 155 170 630 632 652 AND
4 1 155 170 185 633 653 AND
4 1 95 629 630 632 654 AND
4 1 95 629 185 633 655 AND
4 1 140 631 630 632 656 AND
4 1 140 631 185 633 657 AND
2 1 647 646 658 XOR
2 1 649 648 659 XOR
2 1 651 650 660 XOR
2 1 653 652 661 XOR
2 1 655 654 662 XOR
2 1 657 656 663 XOR
2 1 658 659 664 XOR
2 1 660 661 665 XOR
2 1 662 663 666 XOR
2 1 664 665 667 XOR
2 1 666 667 668 XOR
2 1 215 230 669 XOR
2 1 669 200 670 XOR
2 1 260 275 671 XOR
2 1 671 245 672 XOR
2 1 670 672 673 XOR
2 1 215 230 674 AND
2 1 200 669 675 AND
2 1 260 275 676 AND
2 1 245 671 677 AND
2 1 675 674 678 XOR
2 1 677 676 679 XOR
2 1 678 679 680 XOR
2 1 670 672 681 AND
2 1 680 681 682 XOR
4 1 215 230 260 275 683 AND
4 1 215 230 245 671 684 AND
4 1 200 260 275 669 685 AND
4 1 200 245 669 671 686 AND
4 1 215 230 670 672 687 AND
4 1 260 275 670 672 688 AND
4 1 200 669 670 672 689 AND
4 1 245 671 670 672 690 AND
2 1 684 683 691 XOR
2 1 686 685 692 XOR
2 1 688 687 693 XOR
2 1 690 689 694 XOR
2 1 691 692 695 XOR
2 1 693 694 696 XOR
2 1 695 696 697 XOR
2 1 94 109 698 XOR
2 1 698 79 699 XOR
2 1 139 154 700 XOR
2 1 700 124 701 XOR
2 1 699 701 702 XOR
2 1 702 169 703 XOR
2 1 699 701 704 AND
2 1 169 702 705 AND
2 1 94 109 706 AND
2 1 79 698 707 AND
2 1 139 154 708 AND
2 1 124 700 709 AND
2 1 705 704 710 XOR
2 1 707 706 711 XOR
2 1 709 708 712 XOR
2 1 710 711 713 XOR
2 1 712 713 714 XOR
4 1 94 109 139 154 715 AND
4 1 94 109 124 700 716 AND
4 1 79 139 154 698 717 AND
4 1 79 124 698 700 718 AND
4 1 94 109 699 701 719 AND
4 1 94 109 169 702 720 AND
4 1 139 154 699 701 721 AND
4 1 139 154 169 702 722 AND
4 1 79 698 699 701 723 AND
4 1 79 698 169 702 724 AND
4 1 124 700 699 701 725 AND
4 1 124 700 169 702 726 AND
2 1 716 715 727 XOR
2 1 718 717 728 XOR
2 1 720 719 729 XOR
2 1 722 721 730 XOR
2 1 724 723 731 XOR
2 1 726 725 732 XOR
2 1 727 728 733 XOR
2 1 729 730 734 XOR
2 1 731 732 735 XOR
2 1 733 734 736 XOR
2 1 735 736 737 XOR
2 1 199 214 738 XOR
2 1 738 184 739 XOR
2 1 244 259 740 XOR
2 1 740 229 741 XOR
2 1 739 741 742 XOR
2 1 742 274 743 XOR
2 1 739 741 744 AND
2 1 274 742 745 AND
2 1 199 214 746 AND
2 1 184 738 747 AND
2 1 244 259 748 AND
2 1 229 740 749 AND
2 1 745 744 750 XOR
2 1 747 746 751 XOR
2 1 749 748 752 XOR
2 1 750 751 753 XOR
2 1 752 753 754 XOR
4 1 199 214 244 259 755 AND
4 1 199 214 229 740 756 AND
4 1 184 244 259 738 757 AND
4 1 184 229 738 740 758 AND
4 1 199 214 739 741 759 AND
4 1 199 214 274 742 760 AND
4 1 244 259 739 741 761 AND
4 1 244 259 274 742 762 AND
4 1 184 738 739 741 763 AND
4 1 184 738 274 742 764 AND
4 1 229 740 739 741 765 AND
4 1 229 740 274 742 766 AND
2 1 756 755 767 XOR
2 1 758 757 768 XOR
2 1 760 759 769 XOR
2 1 762 761 770 XOR
2 1 764 763 771 XOR
2 1 766 765 772 XOR
2 1 767 768 773 XOR
2 1 769 770 774 XOR
2 1 771 772 775 XOR
2 1 773 774 776 XOR
2 1 775 776 777 XOR
2 1 78 93 778 XOR
2 1 778 63 779 XOR
2 1 123 138 780 XOR
2 1 780 108 781 XOR
2 1 779 781 782 XOR
2 1 782 153 783 XOR
2 1 779 781 784 AND
2 1 153 782 785 AND
2 1 78 93 786 AND
2 1 63 778 787 AND
2 1 123 138 788 AND
2 1 108 780 789 AND
2 1 785 784 790 XOR
2 1 787 786 791 XOR
2 1 789 788 792 XOR
2 1 790 791 793 XOR
2 1 792 793 794 XOR
4 1 78 93 123 138 795 AND
4 1 78 93 108 780 796 AND
4 1 63 123 138 778 797 AND
4 1 63 108 778 780 798 AND
4 1 78 93 779 781 799 AND
4 1 78 93 153 782 800 AND
4 1 123 138 779 781 801 AND
4 1 123 138 153 782 802 AND
4 1 63 778 779 781 803 AND
4 1 63 778 153 782 804 AND
4 1 108 780 779 781 805 AND
4 1 108 780 153 782 806 AND
2 1 796 795 807 XOR
2 1 798 797 808 XOR
2 1 800 799 809 XOR
2 1 802 801 810 XOR
2 1 804 803 811 XOR
2 1 806 805 812 XOR
2 1 807 808 813 XOR
2 1 809 810 814 XOR
2 1 811 812 815 XOR
2 1 813 814 816 XOR
2 1 815 816 817 XOR
2 1 183 198 818 XOR
2 1 818 168 819 XOR
2 1 228 243 820 XOR
2 1 820 213 821 XOR
2 1 819 821 822 XOR
2 1 822 258 823 XOR
2 1 819 821 824 AND
2 1 258 822 825 AND
2 1 183 198 826 AND
2 1 168 818 827 AND
2 1 228 243 828 AND
2 1 213 820 829 AND
2 1 825 824 830 XOR
2 1 827 826 831 XOR
2 1 829 828 832 XOR
2 1 830 831 833 XOR
2 1 832 833 834 XOR
4 1 183 198 228 243 835 AND
4 1 183 198 213 820 836 AND
4 1 168 228 243 818 837 AND
4 1 168 213 818 820 838 AND
4 1 183 198 819 821 839 AND
4 1 183 198 258 822 840 AND
4 1 228 243 819 821 841 AND
4 1 228 243 258 822 842 AND
4 1 168 818 819 821 843 AND
4 1 168 818 258 822 844 AND
4 1 213 820 819 821 845 AND
4 1 213 820 258 822 846 AND
2 1 836 835 847 XOR
2 1 838 837 848 XOR
2 1 840 839 849 XOR
2 1 842 841 850 XOR
2 1 844 843 851 XOR
2 1 846 845 852 XOR
2 1 847 848 853 XOR
2 1 849 850 854 XOR
2 1 851 852 855 XOR
2 1 853 854 856 XOR
2 1 855 856 857 XOR
2 1 62 77 858 XOR
2 1 858 47 859 XOR
2 1 107 122 860 XOR
2 1 860 92 861 XOR
2 1 859 861 862 XOR
2 1 862 137 863 XOR
2 1 859 861 864 AND
2 1 137 862 865 AND
2 1 62 77 866 AND
2 1 47 858 867 AND
2 1 107 122 868 AND
2 1 92 860 869 AND
2 1 865 864 870 XOR
2 1 867 866 871 XOR
2 1 869 868 872 XOR
2 1 870 871 873 XOR
2 1 872 873 874 XOR
4 1 62 77 107 122 875 AND
4 1 62 77 92 860 876 AND
4 1 47 107 122 858 877 AND
4 1 47 92 858 860 878 AND
4 1 62 77 859 861 879 AND
4 1 62 77 137 862 880 AND
4 1 107 122 859 861 881 AND
4 1 107 122 137 862 882 AND
4 1 47 858 859 861 883 AND
4 1 47 858 137 862 884 AND
4 1 92 860 859 861 885 AND
4 1 92 860 137 862 886 AND
2 1 876 875 887 XOR
2 1 878 877 888 XOR
2 1 880 879 889 XOR
2 1 882 881 890 XOR
2 1 884 883 891 XOR
2 1 886 885 892 XOR
2 1 887 888 893 XOR
2 1 889 890 894 XOR
2 1 891 892 895 XOR
2 1 893 894 896 XOR
2 1 895 896 897 XOR
2 1 167 182 898 XOR
2 1 898 152 899 XOR
2 1 212 227 900 XOR
2 1 900 197 901 XOR
2 1 899 901 902 XOR
2 1 902 242 903 XOR
2 1 899 901 904 AND
2 1 242 902 905 AND
2 1 167 182 906 AND
2 1 152 898 907 AND
2 1 212 227 908 AND
2 1 197 900 909 AND
2 1 905 904 910 XOR
2 1 907 906 911 XOR
2 1 909 908 912 XOR
2 1 910 911 913 XOR
2 1 912 913 914 XOR
4 1 167 182 212 227 915 AND
4 1 167 182 197 900 916 AND
4 1 152 212 227 898 917 AND
4 1 152 197 898 900 918 AND
4 1 167 182 899 901 919 AND
4 1 167 182 242 902 920 AND
4 1 212 227 899 901 921 AND
4 1 212 227 242 902 922 AND
4 1 152 898 899 901 923 AND
4 1 152 898 242 902 924 AND
4 1 197 900 899 901 925 AND
4 1 197 900 242 902 926 AND
2 1 916 915 927 XOR
2 1 918 917 928 XOR
2 1 920 919 929 XOR
2 1 922 921 930 XOR
2 1 924 923 931 XOR
2 1 926 925 932 XOR
2 1 927 928 933 XOR
2 1 929 930 934 XOR
2 1 931 932 935 XOR
2 1 933 934 936 XOR
2 1 935 936 937 XOR
2 1 257 272 938 XOR
2 1 257 272 939 AND
2 1 61 76 940 XOR
2 1 940 46 941 XOR
2 1 106 121 942 XOR
2 1 942 91 943 XOR
2 1 941 943 944 XOR
2 1 944 136 945 XOR
2 1 941 943 946 AND
2 1 136 944 947 AND
2 1 61 76 948 AND
2 1 46 940 949 AND
2 1 106 121 950 AND
2 1 91 942 951 AND
2 1 947 946 952 XOR
2 1 949 948 953 XOR
2 1 951 950 954 XOR
2 1 952 953 955 XOR
2 1 954 955 956 XOR
4 1 61 76 106 121 957 AND
4 1 61 76 91 942 958 AND
4 1 46 106 121 940 959 AND
4 1 46 91 940 942 960 AND
4 1 61 76 941 943 961 AND
4 1 61 76 136 944 962 AND
4 1 106 121 941 943 963 AND
4 1 106 121 136 944 964 AND
4 1 46 940 941 943 965 AND
4 1 46 940 136 944 966 AND
4 1 91 942 941 943 967 AND
4 1 91 942 136 944 968 AND
2 1 958 957 969 XOR
2 1 960 959 970 XOR
2 1 962 961 971 XOR
2 1 964 963 972 XOR
2 1 966 965 973 XOR
2 1 968 967 974 XOR
2 1 969 970 975 XOR
2 1 971 972 976 XOR
2 1 973 974 977 XOR
2 1 975 976 978 XOR
2 1 977 978 979 XOR
2 1 166 181 980 XOR
2 1 980 151 981 XOR
2 1 211 226 982 XOR
2 1 982 196 983 XOR
2 1 981 983 984 XOR
2 1 984 241 985 XOR
2 1 981 983 986 AND
2 1 241 984 987 AND
2 1 166 181 988 AND
2 1 151 980 989 AND
2 1 211 226 990 AND
2 1 196 982 991 AND
2 1 987 986 992 XOR
2 1 989 988 993 XOR
2 1 991 990 994 XOR
2 1 992 993 995 XOR
2 1 994 995 996 XOR
4 1 166 181 211 226 997 AND
4 1 166 181 196 982 998 AND
4 1 151 211 226 980 999 AND
4 1 151 196 980 982 1000 AND
4 1 166 181 981 983 1001 AND
4 1 166 181 241 984 1002 AND
4 1 211 226 981 983 1003 AND
4 1 211 226 241 984 1004 AND
4 1 151 980 981 983 1005 AND
4 1 151 980 241 984 1006 AND
4 1 196 982 981 983 1007 AND
4 1 196 982 241 984 1008 AND
2 1 998 997 1009 XOR
2 1 1000 999 1010 XOR
2 1 1002 1001 1011 XOR
2 1 1004 1003 1012 XOR
2 1 1006 1005 1013 XOR
2 1 1008 1007 1014 XOR
2 1 1009 1010 1015 XOR
2 1 1011 1012 1016 XOR
2 1 1013 1014 1017 XOR
2 1 1015 1016 1018 XOR
2 1 1017 1018 1019 XOR
2 1 60 75 1020 XOR
2 1 1020 45 1021 XOR
2 1 105 120 1022 XOR
2 1 1022 90 1023 XOR
2 1 1021 1023 1024 XOR
2 1 1024 135 1025 XOR
2 1 1021 1023 1026 AND
2 1 135 1024 1027 AND
2 1 60 75 1028 AND
2 1 45 1020 1029 AND
2 1 105 120 1030 AND
2 1 90 1022 1031 AND
2 1 1027 1026 1032 XOR
2 1 1029 1028 1033 XOR
2 1 1031 1030 1034 XOR
2 1 1032 1033 1035 XOR
2 1 1034 1035 1036 XOR
4 1 60 75 105 120 1037 AND
4 1 60 75 90 1022 1038 AND
4 1 45 105 120 1020 1039 AND
4 1 45 90 1020 1022 1040 AND
4 1 60 75 1021 1023 1041 AND
4 1 60 75 135 1024 1042 AND
4 1 105 120 1021 1023 1043 AND
4 1 105 120 135 1024 1044 AND
4 1 45 1020 1021 1023 1045 AND
4 1 45 1020 135 1024 1046 AND
4 1 90 1022 1021 1023 1047 AND
4 1 90 1022 135 1024 1048 AND
2 1 1038 1037 1049 XOR
2 1 1040 1039 1050 XOR
2 1 1042 1041 1051 XOR
2 1 1044 1043 1052 XOR
2 1 1046 1045 1053 XOR
2 1 1048 1047 1054 XOR
2 1 1049 1050 1055 XOR
2 1 1051 1052 1056 XOR
2 1 1053 1054 1057 XOR
2 1 1055 1056 1058 XOR
2 1 1057 1058 1059 XOR
2 1 165 180 1060 XOR
2 1 1060 150 1061 XOR
2 1 210 225 1062 XOR
2 1 1062 195 1063 XOR
2 1 1061 1063 1064 XOR
2 1 1064 240 1065 XOR
2 1 1061 1063 1066 AND
2 1 240 1064 1067 AND
2 1 165 180 1068 AND
2 1 150 1060 1069 AND
2 1 210 225 1070 AND
2 1 195 1062 1071 AND
2 1 1067 1066 1072 XOR
2 1 1069 1068 1073 XOR
2 1 1071 1070 1074 XOR
2 1 1072 1073 1075 XOR
2 1 1074 1075 1076 XOR
4 1 165 180 210 225 1077 AND
4 1 165 180 195 1062 1078 AND
4 1 150 210 225 1060 1079 AND
4 1 150 195 1060 1062 1080 AND
4 1 165 180 1061 1063 1081 AND
4 1 165 180 240 1064 1082 AND
4 1 210 225 1061 1063 1083 AND
4 1 210 225 240 1064 1084 AND
4 1 150 1060 1061 1063 1085 AND
4 1 150 1060 240 1064 1086 AND
4 1 195 1062 1061 1063 1087 AND
4 1 195 1062 240 1064 1088 AND
2 1 1078 1077 1089 XOR
2 1 1080 1079 1090 XOR
2 1 1082 1081 1091 XOR
2 1 1084 1083 1092 XOR
2 1 1086 1085 1093 XOR
2 1 1088 1087 1094 XOR
2 1 1089 1090 1095 XOR
2 1 1091 1092 1096 XOR
2 1 1093 1094 1097 XOR
2 1 1095 1096 1098 XOR
2 1 1097 1098 1099 XOR
2 1 59 74 1100 XOR
2 1 1100 44 1101 XOR
2 1 104 119 1102 XOR
2 1 1102 89 1103 XOR
2 1 1101 1103 1104 XOR
2 1 1104 134 1105 XOR
2 1 1101 1103 1106 AND
2 1 134 1104 1107 AND
2 1 59 74 1108 AND
2 1 44 1100 1109 AND
2 1 104 119 1110 AND
2 1 89 1102 1111 AND
2 1 1107 1106 1112 XOR
2 1 1109 1108 1113 XOR
2 1 1111 1110 1114 XOR
2 1 1112 1113 1115 XOR
2 1 1114 1115 1116 XOR
4 1 59 74 104 119 1117 AND
4 1 59 74 89 1102 1118 AND
4 1 44 104 119 1100 1119 AND
4 1 44 89 1100 1102 1120 AND
4 1 59 74 1101 1103 1121 AND
4 1 59 74 134 1104 1122 AND
4 1 104 119 1101 1103 1123 AND
4 1 104 119 134 1104 1124 AND
4 1 44 1100 1101 1103 1125 AND
4 1 44 1100 134 1104 1126 AND
4 1 89 1102 1101 1103 1127 AND
4 1 89 1102 134 1104 1128 AND
2 1 1118 1117 1129 XOR
2 1 1120 1119 1130 XOR
2 1 1122 1121 1131 XOR
2 1 1124 1123 1132 XOR
2 1 1126 1125 1133 XOR
2 1 1128 1127 1134 XOR
2 1 1129 1130 1135 XOR
2 1 1131 1132 1136 XOR
2 1 1133 1134 1137 XOR
2 1 1135 1136 1138 XOR
2 1 1137 1138 1139 XOR
2 1 164 179 1140 XOR
2 1 1140 149 1141 XOR
2 1 209 224 1142 XOR
2 1 1142 194 1143 XOR
2 1 1141 1143 1144 XOR
2 1 164 179 1145 AND
2 1 149 1140 1146 AND
2 1 209 224 1147 AND
2 1 194 1142 1148 AND
2 1 1146 1145 1149 XOR
2 1 1148 1147 1150 XOR
2 1 1149 1150 1151 XOR
2 1 1141 1143 1152 AND
2 1 1151 1152 1153 XOR
4 1 164 179 209 224 1154 AND
4 1 164 179 194 1142 1155 AND
4 1 149 209 224 1140 1156 AND
4 1 149 194 1140 1142 1157 AND
4 1 164 179 1141 1143 1158 AND
4 1 209 224 1141 1143 1159 AND
4 1 149 1140 1141 1143 1160 AND
4 1 194 1142 1141 1143 1161 AND
2 1 1155 1154 1162 XOR
2 1 1157 1156 1163 XOR
2 1 1159 1158 1164 XOR
2 1 1161 1160 1165 XOR
2 1 1162 1163 1166 XOR
2 1 1164 1165 1167 XOR
2 1 1166 1167 1168 XOR
2 1 58 73 1169 XOR
2 1 1169 43 1170 XOR
2 1 103 118 1171 XOR
2 1 1171 88 1172 XOR
2 1 1170 1172 1173 XOR
2 1 1173 133 1174 XOR
2 1 1170 1172 1175 AND
2 1 133 1173 1176 AND
2 1 58 73 1177 AND
2 1 43 1169 1178 AND
2 1 103 118 1179 AND
2 1 88 1171 1180 AND
2 1 1176 1175 1181 XOR
2 1 1178 1177 1182 XOR
2 1 1180 1179 1183 XOR
2 1 1181 1182 1184 XOR
2 1 1183 1184 1185 XOR
4 1 58 73 103 118 1186 AND
4 1 58 73 88 1171 1187 AND
4 1 43 103 118 1169 1188 AND
4 1 43 88 1169 1171 1189 AND
4 1 58 73 1170 1172 1190 AND
4 1 58 73 133 1173 1191 AND
4 1 103 118 1170 1172 1192 AND
4 1 103 118 133 1173 1193 AND
4 1 43 1169 1170 1172 1194 AND
4 1 43 1169 133 1173 1195 AND
4 1 88 1171 1170 1172 1196 AND
4 1 88 1171 133 1173 1197 AND
2 1 1187 1186 1198 XOR
2 1 1189 1188 1199 XOR
2 1 1191 1190 1200 XOR
2 1 1193 1192 1201 XOR
2 1 1195 1194 1202 XOR
2 1 1197 1196 1203 XOR
2 1 1198 1199 1204 XOR
2 1 1200 1201 1205 XOR
2 1 1202 1203 1206 XOR
2 1 1204 1205 1207 XOR
2 1 1206 1207 1208 XOR
2 1 163 178 1209 XOR
2 1 1209 148 1210 XOR
2 1 193 208 1211 XOR
2 1 1210 1211 1212 XOR
2 1 163 178 1213 AND
2 1 148 1209 1214 AND
2 1 193 208 1215 AND
2 1 1210 1211 1216 AND
2 1 1214 1213 1217 XOR
2 1 1216 1215 1218 XOR
2 1 1217 1218 1219 XOR
4 1 163 178 193 208 1220 AND
4 1 148 193 208 1209 1221 AND
4 1 163 178 1210 1211 1222 AND
4 1 148 1209 1210 1211 1223 AND
2 1 1221 1220 1224 XOR
2 1 1223 1222 1225 XOR
2 1 1224 1225 1226 XOR
4 1 193 208 1210 1211 1227 AND
2 1 1226 1227 1228 XOR
2 1 57 72 1229 XOR
2 1 1229 42 1230 XOR
2 1 102 117 1231 XOR
2 1 1231 87 1232 XOR
2 1 1230 1232 1233 XOR
2 1 1233 132 1234 XOR
2 1 1230 1232 1235 AND
2 1 132 1233 1236 AND
2 1 57 72 1237 AND
2 1 42 1229 1238 AND
2 1 102 117 1239 AND
2 1 87 1231 1240 AND
2 1 1236 1235 1241 XOR
2 1 1238 1237 1242 XOR
2 1 1240 1239 1243 XOR
2 1 1241 1242 1244 XOR
2 1 1243 1244 1245 XOR
4 1 57 72 102 117 1246 AND
4 1 57 72 87 1231 1247 AND
4 1 42 102 117 1229 1248 AND
4 1 42 87 1229 1231 1249 AND
4 1 57 72 1230 1232 1250 AND
4 1 57 72 132 1233 1251 AND
4 1 102 117 1230 1232 1252 AND
4 1 102 117 132 1233 1253 AND
4 1 42 1229 1230 1232 1254 AND
4 1 42 1229 132 1233 1255 AND
4 1 87 1231 1230 1232 1256 AND
4 1 87 1231 132 1233 1257 AND
2 1 1247 1246 1258 XOR
2 1 1249 1248 1259 XOR
2 1 1251 1250 1260 XOR
2 1 1253 1252 1261 XOR
2 1 1255 1254 1262 XOR
2 1 1257 1256 1263 XOR
2 1 1258 1259 1264 XOR
2 1 1260 1261 1265 XOR
2 1 1262 1263 1266 XOR
2 1 1264 1265 1267 XOR
2 1 1266 1267 1268 XOR
2 1 162 177 1269 XOR
2 1 1269 147 1270 XOR
2 1 1270 192 1271 XOR
2 1 162 177 1272 AND
2 1 147 1269 1273 AND
2 1 1273 1272 1274 XOR
2 1 1270 192 1275 AND
2 1 1274 1275 1276 XOR
4 1 147 162 177 192 1277 AND
2 1 56 71 1278 XOR
2 1 1278 41 1279 XOR
2 1 101 116 1280 XOR
2 1 1280 86 1281 XOR
2 1 1279 1281 1282 XOR
2 1 1282 131 1283 XOR
2 1 1279 1281 1284 AND
2 1 131 1282 1285 AND
2 1 56 71 1286 AND
2 1 41 1278 1287 AND
2 1 101 116 1288 AND
2 1 86 1280 1289 AND
2 1 1285 1284 1290 XOR
2 1 1287 1286 1291 XOR
2 1 1289 1288 1292 XOR
2 1 1290 1291 1293 XOR
2 1 1292 1293 1294 XOR
4 1 56 71 101 116 1295 AND
4 1 56 71 86 1280 1296 AND
4 1 41 101 116 1278 1297 AND
4 1 41 86 1278 1280 1298 AND
4 1 56 71 1279 1281 1299 AND
4 1 56 71 131 1282 1300 AND
4 1 101 116 1279 1281 1301 AND
4 1 101 116 131 1282 1302 AND
4 1 41 1278 1279 1281 1303 AND
4 1 41 1278 131 1282 1304 AND
4 1 86 1280 1279 1281 1305 AND
4 1 86 1280 131 1282 1306 AND
2 1 1296 1295 1307 XOR
2 1 1298 1297 1308 XOR
2 1 1300 1299 1309 XOR
2 1 1302 1301 1310 XOR
2 1 1304 1303 1311 XOR
2 1 1306 1305 1312 XOR
2 1 1307 1308 1313 XOR
2 1 1309 1310 1314 XOR
2 1 1311 1312 1315 XOR
2 1 1313 1314 1316 XOR
2 1 1315 1316 1317 XOR
2 1 161 176 1318 XOR
2 1 1318 146 1319 XOR
2 1 161 176 1320 AND
2 1 146 1318 1321 AND
2 1 1320 1321 1322 XOR
2 1 55 70 1323 XOR
2 1 1323 40 1324 XOR
2 1 100 115 1325 XOR
2 1 1325 85 1326 XOR
2 1 1324 1326 1327 XOR
2 1 1327 130 1328 XOR
2 1 1324 1326 1329 AND
2 1 130 1327 1330 AND
2 1 55 70 1331 AND
2 1 40 1323 1332 AND
2 1 100 115 1333 AND
2 1 85 1325 1334 AND
2 1 1330 1329 1335 XOR
2 1 1332 1331 1336 XOR
2 1 1334 1333 1337 XOR
2 1 1335 1336 1338 XOR
2 1 1337 1338 1339 XOR
4 1 55 70 100 115 1340 AND
4 1 55 70 85 1325 1341 AND
4 1 40 100 115 1323 1342 AND
4 1 40 85 1323 1325 1343 AND
4 1 55 70 1324 1326 1344 AND
4 1 55 70 130 1327 1345 AND
4 1 100 115 1324 1326 1346 AND
4 1 100 115 130 1327 1347 AND
4 1 40 1323 1324 1326 1348 AND
4 1 40 1323 130 1327 1349 AND
4 1 85 1325 1324 1326 1350 AND
4 1 85 1325 130 1327 1351 AND
2 1 1341 1340 1352 XOR
2 1 1343 1342 1353 XOR
2 1 1345 1344 1354 XOR
2 1 1347 1346 1355 XOR
2 1 1349 1348 1356 XOR
2 1 1351 1350 1357 XOR
2 1 1352 1353 1358 XOR
2 1 1354 1355 1359 XOR
2 1 1356 1357 1360 XOR
2 1 1358 1359 1361 XOR
2 1 1360 1361 1362 XOR
2 1 145 160 1363 XOR
2 1 145 160 1364 AND
2 1 54 69 1365 XOR
2 1 1365 39 1366 XOR
2 1 99 114 1367 XOR
2 1 1367 84 1368 XOR
2 1 1366 1368 1369 XOR
2 1 1369 129 1370 XOR
2 1 1366 1368 1371 AND
2 1 129 1369 1372 AND
2 1 54 69 1373 AND
2 1 39 1365 1374 AND
2 1 99 114 1375 AND
2 1 84 1367 1376 AND
2 1 1372 1371 1377 XOR
2 1 1374 1373 1378 XOR
2 1 1376 1375 1379 XOR
2 1 1377 1378 1380 XOR
2 1 1379 1380 1381 XOR
4 1 54 69 99 114 1382 AND
4 1 54 69 84 1367 1383 AND
4 1 39 99 114 1365 1384 AND
4 1 39 84 1365 1367 1385 AND
4 1 54 69 1366 1368 1386 AND
4 1 54 69 129 1369 1387 AND
4 1 99 114 1366 1368 1388 AND
4 1 99 114 129 1369 1389 AND
4 1 39 1365 1366 1368 1390 AND
4 1 39 1365 129 1369 1391 AND
4 1 84 1367 1366 1368 1392 AND
4 1 84 1367 129 1369 1393 AND
2 1 1383 1382 1394 XOR
2 1 1385 1384 1395 XOR
2 1 1387 1386 1396 XOR
2 1 1389 1388 1397 XOR
2 1 1391 1390 1398 XOR
2 1 1393 1392 1399 XOR
2 1 1394 1395 1400 XOR
2 1 1396 1397 1401 XOR
2 1 1398 1399 1402 XOR
2 1 1400 1401 1403 XOR
2 1 1402 1403 1404 XOR
2 1 53 68 1405 XOR
2 1 1405 38 1406 XOR
2 1 98 113 1407 XOR
2 1 1407 83 1408 XOR
2 1 1406 1408 1409 XOR
2 1 1409 128 1410 XOR
2 1 1406 1408 1411 AND
2 1 128 1409 1412 AND
2 1 53 68 1413 AND
2 1 38 1405 1414 AND
2 1 98 113 1415 AND
2 1 83 1407 1416 AND
2 1 1412 1411 1417 XOR
2 1 1414 1413 1418 XOR
2 1 1416 1415 1419 XOR
2 1 1417 1418 1420 XOR
2 1 1419 1420 1421 XOR
4 1 53 68 98 113 1422 AND
4 1 53 68 83 1407 1423 AND
4 1 38 98 113 1405 1424 AND
4 1 38 83 1405 1407 1425 AND
4 1 53 68 1406 1408 1426 AND
4 1 53 68 128 1409 1427 AND
4 1 98 113 1406 1408 1428 AND
4 1 98 113 128 1409 1429 AND
4 1 38 1405 1406 1408 1430 AND
4 1 38 1405 128 1409 1431 AND
4 1 83 1407 1406 1408 1432 AND
4 1 83 1407 128 1409 1433 AND
2 1 1423 1422 1434 XOR
2 1 1425 1424 1435 XOR
2 1 1427 1426 1436 XOR
2 1 1429 1428 1437 XOR
2 1 1431 1430 1438 XOR
2 1 1433 1432 1439 XOR
2 1 1434 1435 1440 XOR
2 1 1436 1437 1441 XOR
2 1 1438 1439 1442 XOR
2 1 1440 1441 1443 XOR
2 1 1442 1443 1444 XOR
2 1 52 67 1445 XOR
2 1 1445 37 1446 XOR
2 1 97 112 1447 XOR
2 1 1447 82 1448 XOR
2 1 1446 1448 1449 XOR
2 1 52 67 1450 AND
2 1 37 1445 1451 AND
2 1 97 112 1452 AND
2 1 82 1447 1453 AND
2 1 1451 1450 1454 XOR
2 1 1453 1452 1455 XOR
2 1 1454 1455 1456 XOR
2 1 1446 1448 1457 AND
2 1 1456 1457 1458 XOR
4 1 52 67 97 112 1459 AND
4 1 52 67 82 1447 1460 AND
4 1 37 97 112 1445 1461 AND
4 1 37 82 1445 1447 1462 AND
4 1 52 67 1446 1448 1463 AND
4 1 97 112 1446 1448 1464 AND
4 1 37 1445 1446 1448 1465 AND
4 1 82 1447 1446 1448 1466 AND
2 1 1460 1459 1467 XOR
2 1 1462 1461 1468 XOR
2 1 1464 1463 1469 XOR
2 1 1466 1465 1470 XOR
2 1 1467 1468 1471 XOR
2 1 1469 1470 1472 XOR
2 1 1471 1472 1473 XOR
2 1 51 66 1474 XOR
2 1 1474 36 1475 XOR
2 1 81 96 1476 XOR
2 1 1475 1476 1477 XOR
2 1 51 66 1478 AND
2 1 36 1474 1479 AND
2 1 81 96 1480 AND
2 1 1475 1476 1481 AND
2 1 1479 1478 1482 XOR
2 1 1481 1480 1483 XOR
2 1 1482 1483 1484 XOR
4 1 51 66 81 96 1485 AND
4 1 36 81 96 1474 1486 AND
4 1 51 66 1475 1476 1487 AND
4 1 36 1474 1475 1476 1488 AND
2 1 1486 1485 1489 XOR
2 1 1488 1487 1490 XOR
2 1 1489 1490 1491 XOR
4 1 81 96 1475 1476 1492 AND
2 1 1491 1492 1493 XOR
2 1 50 65 1494 XOR
2 1 1494 35 1495 XOR
2 1 1495 80 1496 XOR
2 1 50 65 1497 AND
2 1 35 1494 1498 AND
2 1 1498 1497 1499 XOR
2 1 1495 80 1500 AND
2 1 1499 1500 1501 XOR
4 1 35 50 65 80 1502 AND
2 1 49 64 1503 XOR
2 1 1503 34 1504 XOR
2 1 49 64 1505 AND
2 1 34 1503 1506 AND
2 1 1505 1506 1507 XOR
2 1 33 48 1508 XOR
2 1 33 48 1509 AND
2 1 287 289 1510 XOR
2 1 287 289 1511 AND
2 1 294 303 1512 XOR
2 1 1512 288 1513 XOR
2 1 294 303 1514 AND
2 1 288 1512 1515 AND
2 1 1514 1515 1516 XOR
2 1 302 323 1517 XOR
2 1 1517 291 1518 XOR
2 1 302 323 1519 AND
2 1 291 1517 1520 AND
2 1 1519 1520 1521 XOR
2 1 314 352 1522 XOR
2 1 1522 297 1523 XOR
2 1 314 352 1524 AND
2 1 297 1522 1525 AND
2 1 1524 1525 1526 XOR
2 1 337 392 1527 XOR
2 1 1527 307 1528 XOR
2 1 337 392 1529 AND
2 1 307 1527 1530 AND
2 1 1529 1530 1531 XOR
2 1 369 432 1532 XOR
2 1 1532 328 1533 XOR
2 1 369 432 1534 AND
2 1 328 1532 1535 AND
2 1 1534 1535 1536 XOR
2 1 409 472 1537 XOR
2 1 1537 358 1538 XOR
2 1 409 472 1539 AND
2 1 358 1537 1540 AND
2 1 1539 1540 1541 XOR
2 1 280 449 1542 XOR
2 1 1542 398 1543 XOR
2 1 474 514 1544 XOR
2 1 1543 1544 1545 XOR
2 1 280 449 1546 AND
2 1 398 1542 1547 AND
2 1 474 514 1548 AND
2 1 1543 1544 1549 AND
2 1 1547 1546 1550 XOR
2 1 1549 1548 1551 XOR
2 1 1550 1551 1552 XOR
4 1 280 449 474 514 1553 AND
4 1 398 474 514 1542 1554 AND
4 1 280 449 1543 1544 1555 AND
4 1 398 1542 1543 1544 1556 AND
2 1 1554 1553 1557 XOR
2 1 1556 1555 1558 XOR
2 1 1557 1558 1559 XOR
4 1 474 514 1543 1544 1560 AND
2 1 1559 1560 1561 XOR
2 1 473 491 1562 XOR
2 1 1562 438 1563 XOR
2 1 559 568 1564 XOR
2 1 1564 519 1565 XOR
2 1 1563 1565 1566 XOR
2 1 473 491 1567 AND
2 1 438 1562 1568 AND
2 1 559 568 1569 AND
2 1 519 1564 1570 AND
2 1 1568 1567 1571 XOR
2 1 1570 1569 1572 XOR
2 1 1571 1572 1573 XOR
2 1 1563 1565 1574 AND
2 1 1573 1574 1575 XOR
4 1 473 491 559 568 1576 AND
4 1 473 491 519 1564 1577 AND
4 1 438 559 568 1562 1578 AND
4 1 438 519 1562 1564 1579 AND
4 1 473 491 1563 1565 1580 AND
4 1 559 568 1563 1565 1581 AND
4 1 438 1562 1563 1565 1582 AND
4 1 519 1564 1563 1565 1583 AND
2 1 1577 1576 1584 XOR
2 1 1579 1578 1585 XOR
2 1 1581 1580 1586 XOR
2 1 1583 1582 1587 XOR
2 1 1584 1585 1588 XOR
2 1 1586 1587 1589 XOR
2 1 1588 1589 1590 XOR
2 1 516 536 1591 XOR
2 1 1591 480 1592 XOR
2 1 608 628 1593 XOR
2 1 1593 567 1594 XOR
2 1 1592 1594 1595 XOR
2 1 516 536 1596 AND
2 1 480 1591 1597 AND
2 1 608 628 1598 AND
2 1 567 1593 1599 AND
2 1 1597 1596 1600 XOR
2 1 1599 1598 1601 XOR
2 1 1600 1601 1602 XOR
2 1 1592 1594 1603 AND
2 1 1602 1603 1604 XOR
4 1 516 536 608 628 1605 AND
4 1 516 536 567 1593 1606 AND
4 1 480 608 628 1591 1607 AND
4 1 480 567 1591 1593 1608 AND
4 1 516 536 1592 1594 1609 AND
4 1 608 628 1592 1594 1610 AND
4 1 480 1591 1592 1594 1611 AND
4 1 567 1593 1592 1594 1612 AND
2 1 1606 1605 1613 XOR
2 1 1608 1607 1614 XOR
2 1 1610 1609 1615 XOR
2 1 1612 1611 1616 XOR
2 1 1613 1614 1617 XOR
2 1 1615 1616 1618 XOR
2 1 1617 1618 1619 XOR
2 1 562 585 1620 XOR
2 1 1620 525 1621 XOR
2 1 668 697 1622 XOR
2 1 1622 619 1623 XOR
2 1 1621 1623 1624 XOR
2 1 562 585 1625 AND
2 1 525 1620 1626 AND
2 1 668 697 1627 AND
2 1 619 1622 1628 AND
2 1 1626 1625 1629 XOR
2 1 1628 1627 1630 XOR
2 1 1629 1630 1631 XOR
2 1 1621 1623 1632 AND
2 1 1631 1632 1633 XOR
4 1 562 585 668 697 1634 AND
4 1 562 585 619 1622 1635 AND
4 1 525 668 697 1620 1636 AND
4 1 525 619 1620 1622 1637 AND
4 1 562 585 1621 1623 1638 AND
4 1 668 697 1621 1623 1639 AND
4 1 525 1620 1621 1623 1640 AND
4 1 619 1622 1621 1623 1641 AND
2 1 1635 1634 1642 XOR
2 1 1637 1636 1643 XOR
2 1 1639 1638 1644 XOR
2 1 1641 1640 1645 XOR
2 1 1642 1643 1646 XOR
2 1 1644 1645 1647 XOR
2 1 1646 1647 1648 XOR
2 1 612 645 1649 XOR
2 1 1649 574 1650 XOR
2 1 737 777 1651 XOR
2 1 1651 682 1652 XOR
2 1 1650 1652 1653 XOR
2 1 612 645 1654 AND
2 1 574 1649 1655 AND
2 1 737 777 1656 AND
2 1 682 1651 1657 AND
2 1 1655 1654 1658 XOR
2 1 1657 1656 1659 XOR
2 1 1658 1659 1660 XOR
2 1 1650 1652 1661 AND
2 1 1660 1661 1662 XOR
4 1 612 645 737 777 1663 AND
4 1 612 645 682 1651 1664 AND
4 1 574 737 777 1649 1665 AND
4 1 574 682 1649 1651 1666 AND
4 1 612 645 1650 1652 1667 AND
4 1 737 777 1650 1652 1668 AND
4 1 574 1649 1650 1652 1669 AND
4 1 682 1651 1650 1652 1670 AND
2 1 1664 1663 1671 XOR
2 1 1666 1665 1672 XOR
2 1 1668 1667 1673 XOR
2 1 1670 1669 1674 XOR
2 1 1671 1672 1675 XOR
2 1 1673 1674 1676 XOR
2 1 1675 1676 1677 XOR
2 1 673 714 1678 XOR
2 1 1678 634 1679 XOR
2 1 817 857 1680 XOR
2 1 1680 754 1681 XOR
2 1 1679 1681 1682 XOR
2 1 673 714 1683 AND
2 1 634 1678 1684 AND
2 1 817 857 1685 AND
2 1 754 1680 1686 AND
2 1 1684 1683 1687 XOR
2 1 1686 1685 1688 XOR
2 1 1687 1688 1689 XOR
2 1 1679 1681 1690 AND
2 1 1689 1690 1691 XOR
4 1 673 714 817 857 1692 AND
4 1 673 714 754 1680 1693 AND
4 1 634 817 857 1678 1694 AND
4 1 634 754 1678 1680 1695 AND
4 1 673 714 1679 1681 1696 AND
4 1 817 857 1679 1681 1697 AND
4 1 634 1678 1679 1681 1698 AND
4 1 754 1680 1679 1681 1699 AND
2 1 1693 1692 1700 XOR
2 1 1695 1694 1701 XOR
2 1 1697 1696 1702 XOR
2 1 1699 1698 1703 XOR
2 1 1700 1701 1704 XOR
2 1 1702 1703 1705 XOR
2 1 1704 1705 1706 XOR
2 1 743 794 1707 XOR
2 1 1707 703 1708 XOR
2 1 897 937 1709 XOR
2 1 1709 834 1710 XOR
2 1 1708 1710 1711 XOR
2 1 743 794 1712 AND
2 1 703 1707 1713 AND
2 1 897 937 1714 AND
2 1 834 1709 1715 AND
2 1 1713 1712 1716 XOR
2 1 1715 1714 1717 XOR
2 1 1716 1717 1718 XOR
2 1 1708 1710 1719 AND
2 1 1718 1719 1720 XOR
4 1 743 794 897 937 1721 AND
4 1 743 794 834 1709 1722 AND
4 1 703 897 937 1707 1723 AND
4 1 703 834 1707 1709 1724 AND
4 1 743 794 1708 1710 1725 AND
4 1 897 937 1708 1710 1726 AND
4 1 703 1707 1708 1710 1727 AND
4 1 834 1709 1708 1710 1728 AND
2 1 1722 1721 1729 XOR
2 1 1724 1723 1730 XOR
2 1 1726 1725 1731 XOR
2 1 1728 1727 1732 XOR
2 1 1729 1730 1733 XOR
2 1 1731 1732 1734 XOR
2 1 1733 1734 1735 XOR
2 1 823 273 1736 XOR
2 1 1736 783 1737 XOR
2 1 914 939 1738 XOR
2 1 1738 874 1739 XOR
2 1 1737 1739 1740 XOR
2 1 1740 979 1741 XOR
2 1 1737 1739 1742 AND
2 1 979 1740 1743 AND
2 1 823 273 1744 AND
2 1 783 1736 1745 AND
2 1 914 939 1746 AND
2 1 874 1738 1747 AND
2 1 1743 1742 1748 XOR
2 1 1745 1744 1749 XOR
2 1 1747 1746 1750 XOR
2 1 1748 1749 1751 XOR
2 1 1750 1751 1752 XOR
4 1 823 273 914 939 1753 AND
4 1 823 273 874 1738 1754 AND
4 1 783 914 939 1736 1755 AND
4 1 783 874 1736 1738 1756 AND
4 1 823 273 1737 1739 1757 AND
4 1 823 273 979 1740 1758 AND
4 1 914 939 1737 1739 1759 AND
4 1 914 939 979 1740 1760 AND
4 1 783 1736 1737 1739 1761 AND
4 1 783 1736 979 1740 1762 AND
4 1 874 1738 1737 1739 1763 AND
4 1 874 1738 979 1740 1764 AND
2 1 1754 1753 1765 XOR
2 1 1756 1755 1766 XOR
2 1 1758 1757 1767 XOR
2 1 1760 1759 1768 XOR
2 1 1762 1761 1769 XOR
2 1 1764 1763 1770 XOR
2 1 1765 1766 1771 XOR
2 1 1767 1768 1772 XOR
2 1 1769 1770 1773 XOR
2 1 1771 1772 1774 XOR
2 1 1773 1774 1775 XOR
2 1 903 938 1776 XOR
2 1 1776 863 1777 XOR
2 1 996 1059 1778 XOR
2 1 1778 956 1779 XOR
2 1 1777 1779 1780 XOR
2 1 1780 1099 1781 XOR
2 1 1777 1779 1782 AND
2 1 1099 1780 1783 AND
2 1 903 938 1784 AND
2 1 863 1776 1785 AND
2 1 996 1059 1786 AND
2 1 956 1778 1787 AND
2 1 1783 1782 1788 XOR
2 1 1785 1784 1789 XOR
2 1 1787 1786 1790 XOR
2 1 1788 1789 1791 XOR
2 1 1790 1791 1792 XOR
4 1 903 938 996 1059 1793 AND
4 1 903 938 956 1778 1794 AND
4 1 863 996 1059 1776 1795 AND
4 1 863 956 1776 1778 1796 AND
4 1 903 938 1777 1779 1797 AND
4 1 903 938 1099 1780 1798 AND
4 1 996 1059 1777 1779 1799 AND
4 1 996 1059 1099 1780 1800 AND
4 1 863 1776 1777 1779 1801 AND
4 1 863 1776 1099 1780 1802 AND
4 1 956 1778 1777 1779 1803 AND
4 1 956 1778 1099 1780 1804 AND
2 1 1794 1793 1805 XOR
2 1 1796 1795 1806 XOR
2 1 1798 1797 1807 XOR
2 1 1800 1799 1808 XOR
2 1 1802 1801 1809 XOR
2 1 1804 1803 1810 XOR
2 1 1805 1806 1811 XOR
2 1 1807 1808 1812 XOR
2 1 1809 1810 1813 XOR
2 1 1811 1812 1814 XOR
2 1 1813 1814 1815 XOR
2 1 985 256 1816 XOR
2 1 1816 945 1817 XOR
2 1 1076 1139 1818 XOR
2 1 1818 1036 1819 XOR
2 1 1817 1819 1820 XOR
2 1 1820 1168 1821 XOR
2 1 1817 1819 1822 AND
2 1 1168 1820 1823 AND
2 1 985 256 1824 AND
2 1 945 1816 1825 AND
2 1 1076 1139 1826 AND
2 1 1036 1818 1827 AND
2 1 1823 1822 1828 XOR
2 1 1825 1824 1829 XOR
2 1 1827 1826 1830 XOR
2 1 1828 1829 1831 XOR
2 1 1830 1831 1832 XOR
4 1 985 256 1076 1139 1833 AND
4 1 985 256 1036 1818 1834 AND
4 1 945 1076 1139 1816 1835 AND
4 1 945 1036 1816 1818 1836 AND
4 1 985 256 1817 1819 1837 AND
4 1 985 256 1168 1820 1838 AND
4 1 1076 1139 1817 1819 1839 AND
4 1 1076 1139 1168 1820 1840 AND
4 1 945 1816 1817 1819 1841 AND
4 1 945 1816 1168 1820 1842 AND
4 1 1036 1818 1817 1819 1843 AND
4 1 1036 1818 1168 1820 1844 AND
2 1 1834 1833 1845 XOR
2 1 1836 1835 1846 XOR
2 1 1838 1837 1847 XOR
2 1 1840 1839 1848 XOR
2 1 1842 1841 1849 XOR
2 1 1844 1843 1850 XOR
2 1 1845 1846 1851 XOR
2 1 1847 1848 1852 XOR
2 1 1849 1850 1853 XOR
2 1 1851 1852 1854 XOR
2 1 1853 1854 1855 XOR
2 1 1065 1116 1856 XOR
2 1 1856 1025 1857 XOR
2 1 1208 1228 1858 XOR
2 1 1858 1153 1859 XOR
2 1 1857 1859 1860 XOR
2 1 1065 1116 1861 AND
2 1 1025 1856 1862 AND
2 1 1208 1228 1863 AND
2 1 1153 1858 1864 AND
2 1 1862 1861 1865 XOR
2 1 1864 1863 1866 XOR
2 1 1865 1866 1867 XOR
2 1 1857 1859 1868 AND
2 1 1867 1868 1869 XOR
4 1 1065 1116 1208 1228 1870 AND
4 1 1065 1116 1153 1858 1871 AND
4 1 1025 1208 1228 1856 1872 AND
4 1 1025 1153 1856 1858 1873 AND
4 1 1065 1116 1857 1859 1874 AND
4 1 1208 1228 1857 1859 1875 AND
4 1 1025 1856 1857 1859 1876 AND
4 1 1153 1858 1857 1859 1877 AND
2 1 1871 1870 1878 XOR
2 1 1873 1872 1879 XOR
2 1 1875 1874 1880 XOR
2 1 1877 1876 1881 XOR
2 1 1878 1879 1882 XOR
2 1 1880 1881 1883 XOR
2 1 1882 1883 1884 XOR
2 1 1144 1185 1885 XOR
2 1 1885 1105 1886 XOR
2 1 1268 1277 1887 XOR
2 1 1887 1219 1888 XOR
2 1 1886 1888 1889 XOR
2 1 1144 1185 1890 AND
2 1 1105 1885 1891 AND
2 1 1268 1277 1892 AND
2 1 1219 1887 1893 AND
2 1 1891 1890 1894 XOR
2 1 1893 1892 1895 XOR
2 1 1894 1895 1896 XOR
2 1 1886 1888 1897 AND
2 1 1896 1897 1898 XOR
4 1 1144 1185 1268 1277 1899 AND
4 1 1144 1185 1219 1887 1900 AND
4 1 1105 1268 1277 1885 1901 AND
4 1 1105 1219 1885 1887 1902 AND
4 1 1144 1185 1886 1888 1903 AND
4 1 1268 1277 1886 1888 1904 AND
4 1 1105 1885 1886 1888 1905 AND
4 1 1219 1887 1886 1888 1906 AND
2 1 1900 1899 1907 XOR
2 1 1902 1901 1908 XOR
2 1 1904 1903 1909 XOR
2 1 1906 1905 1910 XOR
2 1 1907 1908 1911 XOR
2 1 1909 1910 1912 XOR
2 1 1911 1912 1913 XOR
2 1 1212 1245 1914 XOR
2 1 1914 1174 1915 XOR
2 1 1276 1317 1916 XOR
2 1 1915 1916 1917 XOR
2 1 1212 1245 1918 AND
2 1 1174 1914 1919 AND
2 1 1276 1317 1920 AND
2 1 1915 1916 1921 AND
2 1 1919 1918 1922 XOR
2 1 1921 1920 1923 XOR
2 1 1922 1923 1924 XOR
4 1 1212 1245 1276 1317 1925 AND
4 1 1174 1276 1317 1914 1926 AND
4 1 1212 1245 1915 1916 1927 AND
4 1 1174 1914 1915 1916 1928 AND
2 1 1926 1925 1929 XOR
2 1 1928 1927 1930 XOR
2 1 1929 1930 1931 XOR
4 1 1276 1317 1915 1916 1932 AND
2 1 1931 1932 1933 XOR
2 1 1271 1294 1934 XOR
2 1 1934 1234 1935 XOR
2 1 1322 1362 1936 XOR
2 1 1935 1936 1937 XOR
2 1 1271 1294 1938 AND
2 1 1234 1934 1939 AND
2 1 1322 1362 1940 AND
2 1 1935 1936 1941 AND
2 1 1939 1938 1942 XOR
2 1 1941 1940 1943 XOR
2 1 1942 1943 1944 XOR
4 1 1271 1294 1322 1362 1945 AND
4 1 1234 1322 1362 1934 1946 AND
4 1 1271 1294 1935 1936 1947 AND
4 1 1234 1934 1935 1936 1948 AND
2 1 1946 1945 1949 XOR
2 1 1948 1947 1950 XOR
2 1 1949 1950 1951 XOR
4 1 1322 1362 1935 1936 1952 AND
2 1 1951 1952 1953 XOR
2 1 1319 1339 1954 XOR
2 1 1954 1283 1955 XOR
2 1 1364 1404 1956 XOR
2 1 1955 1956 1957 XOR
2 1 1319 1339 1958 AND
2 1 1283 1954 1959 AND
2 1 1364 1404 1960 AND
2 1 1955 1956 1961 AND
2 1 1959 1958 1962 XOR
2 1 1961 1960 1963 XOR
2 1 1962 1963 1964 XOR
4 1 1319 1339 1364 1404 1965 AND
4 1 1283 1364 1404 1954 1966 AND
4 1 1319 1339 1955 1956 1967 AND
4 1 1283 1954 1955 1956 1968 AND
2 1 1966 1965 1969 XOR
2 1 1968 1967 1970 XOR
2 1 1969 1970 1971 XOR
4 1 1364 1404 1955 1956 1972 AND
2 1 1971 1972 1973 XOR
2 1 1363 1381 1974 XOR
2 1 1974 1328 1975 XOR
2 1 1975 1444 1976 XOR
2 1 1363 1381 1977 AND
2 1 1328 1974 1978 AND
2 1 1978 1977 1979 XOR
2 1 1975 1444 1980 AND
2 1 1979 1980 1981 XOR
4 1 1328 1363 1381 1444 1982 AND
2 1 144 1421 1983 XOR
2 1 1983 1370 1984 XOR
2 1 1984 1473 1985 XOR
2 1 144 1421 1986 AND
2 1 1370 1983 1987 AND
2 1 1987 1986 1988 XOR
2 1 1984 1473 1989 AND
2 1 1988 1989 1990 XOR
4 1 1370 144 1421 1473 1991 AND
2 1 1458 1493 1992 XOR
2 1 1992 1410 1993 XOR
2 1 1458 1493 1994 AND
2 1 1410 1992 1995 AND
2 1 1994 1995 1996 XOR
2 1 1484 1502 1997 XOR
2 1 1997 1449 1998 XOR
2 1 1484 1502 1999 AND
2 1 1449 1997 2000 AND
2 1 1999 2000 2001 XOR
2 1 1477 1501 2002 XOR
2 1 1477 1501 2003 AND
2 1 1496 1507 2004 XOR
2 1 1496 1507 2005 AND
2 1 1504 1509 2006 XOR
2 1 1504 1509 2007 AND
2 1 1510 1516 2008 XOR
2 1 1510 1516 2009 AND
2 1 1513 1521 2010 XOR
2 1 1513 1521 2011 AND
2 1 1518 1526 2012 XOR
2 1 1518 1526 2013 AND
2 1 1523 1531 2014 XOR
2 1 1523 1531 2015 AND
2 1 1528 1536 2016 XOR
2 1 1528 1536 2017 AND
2 1 1541 1561 2018 XOR
2 1 2018 1533 2019 XOR
2 1 1541 1561 2020 AND
2 1 1533 2018 2021 AND
2 1 2020 2021 2022 XOR
2 1 1552 1590 2023 XOR
2 1 2023 1538 2024 XOR
2 1 1552 1590 2025 AND
2 1 1538 2023 2026 AND
2 1 2025 2026 2027 XOR
2 1 1575 1619 2028 XOR
2 1 2028 1545 2029 XOR
2 1 1575 1619 2030 AND
2 1 1545 2028 2031 AND
2 1 2030 2031 2032 XOR
2 1 1604 1648 2033 XOR
2 1 2033 1566 2034 XOR
2 1 1604 1648 2035 AND
2 1 1566 2033 2036 AND
2 1 2035 2036 2037 XOR
2 1 1633 1677 2038 XOR
2 1 2038 1595 2039 XOR
2 1 1633 1677 2040 AND
2 1 1595 2038 2041 AND
2 1 2040 2041 2042 XOR
2 1 1662 1706 2043 XOR
2 1 2043 1624 2044 XOR
2 1 1662 1706 2045 AND
2 1 1624 2043 2046 AND
2 1 2045 2046 2047 XOR
2 1 1691 1735 2048 XOR
2 1 2048 1653 2049 XOR
2 1 1691 1735 2050 AND
2 1 1653 2048 2051 AND
2 1 2050 2051 2052 XOR
2 1 1720 1775 2053 XOR
2 1 2053 1682 2054 XOR
2 1 1720 1775 2055 AND
2 1 1682 2053 2056 AND
2 1 2055 2056 2057 XOR
2 1 1752 1815 2058 XOR
2 1 2058 1711 2059 XOR
2 1 1752 1815 2060 AND
2 1 1711 2058 2061 AND
2 1 2060 2061 2062 XOR
2 1 1019 1792 2063 XOR
2 1 2063 1741 2064 XOR
2 1 2064 1855 2065 XOR
2 1 1019 1792 2066 AND
2 1 1741 2063 2067 AND
2 1 2067 2066 2068 XOR
2 1 2064 1855 2069 AND
2 1 2068 2069 2070 XOR
4 1 1741 1019 1792 1855 2071 AND
2 1 1832 1884 2072 XOR
2 1 2072 1781 2073 XOR
2 1 1832 1884 2074 AND
2 1 1781 2072 2075 AND
2 1 2074 2075 2076 XOR
2 1 1869 1913 2077 XOR
2 1 2077 1821 2078 XOR
2 1 1869 1913 2079 AND
2 1 1821 2077 2080 AND
2 1 2079 2080 2081 XOR
2 1 1898 1933 2082 XOR
2 1 2082 1860 2083 XOR
2 1 1898 1933 2084 AND
2 1 1860 2082 2085 AND
2 1 2084 2085 2086 XOR
2 1 1924 1953 2087 XOR
2 1 2087 1889 2088 XOR
2 1 1924 1953 2089 AND
2 1 1889 2087 2090 AND
2 1 2089 2090 2091 XOR
2 1 1944 1973 2092 XOR
2 1 2092 1917 2093 XOR
2 1 1944 1973 2094 AND
2 1 1917 2092 2095 AND
2 1 2094 2095 2096 XOR
2 1 1964 1982 2097 XOR
2 1 2097 1937 2098 XOR
2 1 1964 1982 2099 AND
2 1 1937 2097 2100 AND
2 1 2099 2100 2101 XOR
2 1 1981 1991 2102 XOR
2 1 2102 1957 2103 XOR
2 1 1981 1991 2104 AND
2 1 1957 2102 2105 AND
2 1 2104 2105 2106 XOR
2 1 1976 1990 2107 XOR
2 1 1976 1990 2108 AND
2 1 1985 1996 2109 XOR
2 1 1985 1996 2110 AND
2 1 1993 2001 2111 XOR
2 1 1993 2001 2112 AND
2 1 1998 2003 2113 XOR
2 1 1998 2003 2114 AND
2 1 2002 2005 2115 XOR
2 1 2002 2005 2116 AND
2 1 2004 2007 2117 XOR
2 1 2004 2007 2118 AND
2 1 2008 2011 2119 XOR
2 1 2008 2011 2120 AND
2 1 2010 2013 2121 XOR
2 1 2010 2013 2122 AND
2 1 2012 2015 2123 XOR
2 1 2012 2015 2124 AND
2 1 2014 2017 2125 XOR
2 1 2014 2017 2126 AND
2 1 2016 2022 2127 XOR
2 1 2016 2022 2128 AND
2 1 2019 2027 2129 XOR
2 1 2019 2027 2130 AND
2 1 2024 2032 2131 XOR
2 1 2024 2032 2132 AND
2 1 2029 2037 2133 XOR
2 1 2029 2037 2134 AND
2 1 2034 2042 2135 XOR
2 1 2034 2042 2136 AND
2 1 2039 2047 2137 XOR
2 1 2039 2047 2138 AND
2 1 2044 2052 2139 XOR
2 1 2044 2052 2140 AND
2 1 2049 2057 2141 XOR
2 1 2049 2057 2142 AND
2 1 2062 2071 2143 XOR
2 1 2143 2054 2144 XOR
2 1 2062 2071 2145 AND
2 1 2054 2143 2146 AND
2 1 2145 2146 2147 XOR
2 1 2059 2070 2148 XOR
2 1 2059 2070 2149 AND
2 1 2065 2076 2150 XOR
2 1 2065 2076 2151 AND
2 1 2073 2081 2152 XOR
2 1 2073 2081 2153 AND
2 1 2078 2086 2154 XOR
2 1 2078 2086 2155 AND
2 1 2083 2091 2156 XOR
2 1 2083 2091 2157 AND
2 1 2088 2096 2158 XOR
2 1 2088 2096 2159 AND
2 1 2093 2101 2160 XOR
2 1 2093 2101 2161 AND
2 1 2098 2106 2162 XOR
2 1 2098 2106 2163 AND
2 1 2103 2108 2164 XOR
2 1 2103 2108 2165 AND
2 1 2107 2110 2166 XOR
2 1 2107 2110 2167 AND
2 1 2109 2112 2168 XOR
2 1 2109 2112 2169 AND
2 1 2111 2114 2170 XOR
2 1 2111 2114 2171 AND
2 1 2113 2116 2172 XOR
2 1 2113 2116 2173 AND
2 1 2115 2118 2174 XOR
2 1 2115 2118 2175 AND
2 1 2172 2175 2176 AND
2 1 2170 2173 2177 AND
2 1 2168 2171 2178 AND
2 1 2166 2169 2179 AND
2 1 2164 2167 2180 AND
2 1 2162 2165 2181 AND
2 1 2160 2163 2182 AND
2 1 2158 2161 2183 AND
2 1 2156 2159 2184 AND
2 1 2154 2157 2185 AND
2 1 2152 2155 2186 AND
2 1 2150 2153 2187 AND
2 1 2148 2151 2188 AND
2 1 2144 2149 2189 AND
2 1 2141 2147 2190 AND
2 1 2139 2142 2191 AND
2 1 2137 2140 2192 AND
2 1 2135 2138 2193 AND
2 1 2133 2136 2194 AND
2 1 2131 2134 2195 AND
2 1 2129 2132 2196 AND
2 1 2127 2130 2197 AND
2 1 2125 2128 2198 AND
2 1 2123 2126 2199 AND
2 1 2121 2124 2200 AND
2 1 2119 2122 2201 AND
2 1 2172 2175 2202 XOR
2 1 2170 2173 2203 XOR
2 1 2168 2171 2204 XOR
2 1 2166 2169 2205 XOR
2 1 2164 2167 2206 XOR
2 1 2162 2165 2207 XOR
2 1 2160 2163 2208 XOR
2 1 2158 2161 2209 XOR
2 1 2156 2159 2210 XOR
2 1 2154 2157 2211 XOR
2 1 2152 2155 2212 XOR
2 1 2150 2153 2213 XOR
2 1 2148 2151 2214 XOR
2 1 2144 2149 2215 XOR
2 1 2141 2147 2216 XOR
2 1 2139 2142 2217 XOR
2 1 2137 2140 2218 XOR
2 1 2135 2138 2219 XOR
2 1 2133 2136 2220 XOR
2 1 2131 2134 2221 XOR
2 1 2129 2132 2222 XOR
2 1 2127 2130 2223 XOR
2 1 2125 2128 2224 XOR
2 1 2123 2126 2225 XOR
2 1 2121 2124 2226 XOR
2 1 2119 2122 2227 XOR
2 1 2226 2199 2228 AND
2 1 2200 2228 2229 XOR
2 1 2226 2225 2230 AND
2 1 2224 2197 2231 AND
3 1 2224 2223 2196 2232 AND
2 1 2231 2232 2233 XOR
4 1 2224 2223 2222 2195 2234 AND
2 1 2233 2234 2235 XOR
2 1 2198 2235 2236 XOR
4 1 2224 2223 2222 2221 2237 AND
2 1 2223 2196 2238 AND
3 1 2223 2222 2195 2239 AND
2 1 2238 2239 2240 XOR
2 1 2197 2240 2241 XOR
3 1 2223 2222 2221 2242 AND
2 1 2222 2195 2243 AND
2 1 2196 2243 2244 XOR
2 1 2222 2221 2245 AND
2 1 2220 2193 2246 AND
3 1 2220 2219 2192 2247 AND
2 1 2246 2247 2248 XOR
4 1 2220 2219 2218 2191 2249 AND
2 1 2248 2249 2250 XOR
2 1 2194 2250 2251 XOR
4 1 2220 2219 2218 2217 2252 AND
2 1 2219 2192 2253 AND
3 1 2219 2218 2191 2254 AND
2 1 2253 2254 2255 XOR
2 1 2193 2255 2256 XOR
3 1 2219 2218 2217 2257 AND
2 1 2218 2191 2258 AND
2 1 2192 2258 2259 XOR
2 1 2218 2217 2260 AND
2 1 2216 2189 2261 AND
3 1 2216 2215 2188 2262 AND
2 1 2261 2262 2263 XOR
4 1 2216 2215 2214 2187 2264 AND
2 1 2263 2264 2265 XOR
2 1 2190 2265 2266 XOR
4 1 2216 2215 2214 2213 2267 AND
2 1 2215 2188 2268 AND
3 1 2215 2214 2187 2269 AND
2 1 2268 2269 2270 XOR
2 1 2189 2270 2271 XOR
3 1 2215 2214 2213 2272 AND
2 1 2214 2187 2273 AND
2 1 2188 2273 2274 XOR
2 1 2214 2213 2275 AND
2 1 2212 2185 2276 AND
3 1 2212 2211 2184 2277 AND
2 1 2276 2277 2278 XOR
4 1 2212 2211 2210 2183 2279 AND
2 1 2278 2279 2280 XOR
2 1 2186 2280 2281 XOR
4 1 2212 2211 2210 2209 2282 AND
2 1 2211 2184 2283 AND
3 1 2211 2210 2183 2284 AND
2 1 2283 2284 2285 XOR
2 1 2185 2285 2286 XOR
3 1 2211 2210 2209 2287 AND
2 1 2210 2183 2288 AND
2 1 2184 2288 2289 XOR
2 1 2210 2209 2290 AND
2 1 2208 2181 2291 AND
3 1 2208 2207 2180 2292 AND
2 1 2291 2292 2293 XOR
4 1 2208 2207 2206 2179 2294 AND
2 1 2293 2294 2295 XOR
2 1 2182 2295 2296 XOR
4 1 2208 2207 2206 2205 2297 AND
2 1 2207 2180 2298 AND
3 1 2207 2206 2179 2299 AND
2 1 2298 2299 2300 XOR
2 1 2181 2300 2301 XOR
3 1 2207 2206 2205 2302 AND
2 1 2206 2179 2303 AND
2 1 2180 2303 2304 XOR
2 1 2206 2205 2305 AND
2 1 2204 2177 2306 AND
3 1 2204 2203 2176 2307 AND
2 1 2306 2307 2308 XOR
4 1 2204 2203 2202 2175 2309 AND
2 1 2308 2309 2310 XOR
2 1 2178 2310 2311 XOR
2 1 2203 2176 2312 AND
3 1 2203 2202 2175 2313 AND
2 1 2312 2313 2314 XOR
2 1 2177 2314 2315 XOR
2 1 2202 2175 2316 AND
2 1 2176 2316 2317 XOR
2 1 2230 2236 2318 AND
3 1 2230 2237 2251 2319 AND
2 1 2318 2319 2320 XOR
2 1 2229 2320 2321 XOR
3 1 2230 2237 2252 2322 AND
2 1 2225 2236 2323 AND
3 1 2225 2237 2251 2324 AND
2 1 2323 2324 2325 XOR
2 1 2199 2325 2326 XOR
3 1 2225 2237 2252 2327 AND
2 1 2237 2251 2328 AND
2 1 2236 2328 2329 XOR
2 1 2237 2252 2330 AND
2 1 2242 2251 2331 AND
2 1 2241 2331 2332 XOR
2 1 2242 2252 2333 AND
2 1 2245 2251 2334 AND
2 1 2244 2334 2335 XOR
2 1 2245 2252 2336 AND
2 1 2221 2251 2337 AND
2 1 2195 2337 2338 XOR
2 1 2221 2252 2339 AND
2 1 2267 2281 2340 AND
3 1 2267 2282 2296 2341 AND
2 1 2340 2341 2342 XOR
4 1 2267 2282 2297 2311 2343 AND
2 1 2342 2343 2344 XOR
2 1 2266 2344 2345 XOR
2 1 2272 2281 2346 AND
3 1 2272 2282 2296 2347 AND
2 1 2346 2347 2348 XOR
4 1 2272 2282 2297 2311 2349 AND
2 1 2348 2349 2350 XOR
2 1 2271 2350 2351 XOR
2 1 2275 2281 2352 AND
3 1 2275 2282 2296 2353 AND
2 1 2352 2353 2354 XOR
4 1 2275 2282 2297 2311 2355 AND
2 1 2354 2355 2356 XOR
2 1 2274 2356 2357 XOR
2 1 2213 2281 2358 AND
3 1 2213 2282 2296 2359 AND
2 1 2358 2359 2360 XOR
4 1 2213 2282 2297 2311 2361 AND
2 1 2360 2361 2362 XOR
2 1 2187 2362 2363 XOR
2 1 2282 2296 2364 AND
3 1 2282 2297 2311 2365 AND
2 1 2364 2365 2366 XOR
2 1 2281 2366 2367 XOR
2 1 2287 2296 2368 AND
3 1 2287 2297 2311 2369 AND
2 1 2368 2369 2370 XOR
2 1 2286 2370 2371 XOR
2 1 2290 2296 2372 AND
3 1 2290 2297 2311 2373 AND
2 1 2372 2373 2374 XOR
2 1 2289 2374 2375 XOR
2 1 2209 2296 2376 AND
3 1 2209 2297 2311 2377 AND
2 1 2376 2377 2378 XOR
2 1 2183 2378 2379 XOR
2 1 2297 2311 2380 AND
2 1 2296 2380 2381 XOR
2 1 2302 2311 2382 AND
2 1 2301 2382 2383 XOR
2 1 2305 2311 2384 AND
2 1 2304 2384 2385 XOR
2 1 2205 2311 2386 AND
2 1 2179 2386 2387 XOR
2 1 2322 2345 2388 AND
2 1 2321 2388 2389 XOR
2 1 2327 2345 2390 AND
2 1 2326 2390 2391 XOR
2 1 2330 2345 2392 AND
2 1 2329 2392 2393 XOR
2 1 2333 2345 2394 AND
2 1 2332 2394 2395 XOR
2 1 2336 2345 2396 AND
2 1 2335 2396 2397 XOR
2 1 2339 2345 2398 AND
2 1 2338 2398 2399 XOR
2 1 2252 2345 2400 AND
2 1 2251 2400 2401 XOR
2 1 2257 2345 2402 AND
2 1 2256 2402 2403 XOR
2 1 2260 2345 2404 AND
2 1 2259 2404 2405 XOR
2 1 2217 2345 2406 AND
2 1 2191 2406 2407 XOR
1 1 32 2408 EQW
1 1 1508 2409 EQW
1 1 2006 2410 EQW
1 1 2117 2411 EQW
1 1 2174 2412 EQW
1 1 2201 2413 EQW
2 1 2202 2175 2414 XOR
2 1 2203 2317 2415 XOR
2 1 2204 2315 2416 XOR
2 1 2205 2311 2417 XOR
2 1 2206 2387 2418 XOR
2 1 2207 2385 2419 XOR
2 1 2208 2383 2420 XOR
2 1 2209 2381 2421 XOR
2 1 2210 2379 2422 XOR
2 1 2211 2375 2423 XOR
2 1 2212 2371 2424 XOR
2 1 2213 2367 2425 XOR
2 1 2214 2363 2426 XOR
2 1 2215 2357 2427 XOR
2 1 2216 2351 2428 XOR
2 1 2217 2345 2429 XOR
2 1 2218 2407 2430 XOR
2 1 2219 2405 2431 XOR
2 1 2220 2403 2432 XOR
2 1 2221 2401 2433 XOR
2 1 2222 2399 2434 XOR
2 1 2223 2397 2435 XOR
2 1 2224 2395 2436 XOR
2 1 2225 2393 2437 XOR
2 1 2226 2391 2438 XOR
2 1 2120 2389 2439 XOR
