211 307
3 32 32 32
1 1

2 1 32 64 96 XOR
2 1 33 64 97 XOR
2 1 34 64 98 XOR
2 1 35 64 99 XOR
2 1 36 64 100 XOR
2 1 37 64 101 XOR
2 1 38 64 102 XOR
2 1 39 64 103 XOR
2 1 40 64 104 XOR
2 1 41 64 105 XOR
2 1 42 64 106 XOR
2 1 43 64 107 XOR
2 1 44 64 108 XOR
2 1 45 64 109 XOR
2 1 46 64 110 XOR
2 1 47 64 111 XOR
2 1 48 64 112 XOR
2 1 49 64 113 XOR
2 1 50 64 114 XOR
2 1 51 64 115 XOR
2 1 52 64 116 XOR
2 1 53 64 117 XOR
2 1 54 64 118 XOR
2 1 55 64 119 XOR
2 1 56 64 120 XOR
2 1 57 64 121 XOR
2 1 58 64 122 XOR
2 1 59 64 123 XOR
2 1 60 64 124 XOR
2 1 61 64 125 XOR
2 1 62 64 126 XOR
2 1 63 64 127 XOR
2 1 0 32 128 XOR
2 1 1 33 129 XOR
2 1 2 34 130 XOR
2 1 3 35 131 XOR
2 1 4 36 132 XOR
2 1 5 37 133 XOR
2 1 6 38 134 XOR
2 1 7 39 135 XOR
2 1 8 40 136 XOR
2 1 9 41 137 XOR
2 1 10 42 138 XOR
2 1 11 43 139 XOR
2 1 12 44 140 XOR
2 1 13 45 141 XOR
2 1 14 46 142 XOR
2 1 15 47 143 XOR
2 1 16 48 144 XOR
2 1 17 49 145 XOR
2 1 18 50 146 XOR
2 1 19 51 147 XOR
2 1 20 52 148 XOR
2 1 21 53 149 XOR
2 1 22 54 150 XOR
2 1 23 55 151 XOR
2 1 24 56 152 XOR
2 1 25 57 153 XOR
2 1 26 58 154 XOR
2 1 27 59 155 XOR
2 1 28 60 156 XOR
2 1 29 61 157 XOR
2 1 30 62 158 XOR
2 1 31 63 159 XOR
2 1 128 64 160 XOR
2 1 129 64 161 XOR
2 1 130 64 162 XOR
2 1 131 64 163 XOR
2 1 132 64 164 XOR
2 1 133 64 165 XOR
2 1 134 64 166 XOR
2 1 135 64 167 XOR
2 1 136 64 168 XOR
2 1 137 64 169 XOR
2 1 138 64 170 XOR
2 1 139 64 171 XOR
2 1 140 64 172 XOR
2 1 141 64 173 XOR
2 1 142 64 174 XOR
2 1 143 64 175 XOR
2 1 144 64 176 XOR
2 1 145 64 177 XOR
2 1 146 64 178 XOR
2 1 147 64 179 XOR
2 1 148 64 180 XOR
2 1 149 64 181 XOR
2 1 150 64 182 XOR
2 1 151 64 183 XOR
2 1 152 64 184 XOR
2 1 153 64 185 XOR
2 1 154 64 186 XOR
2 1 155 64 187 XOR
2 1 156 64 188 XOR
2 1 157 64 189 XOR
2 1 158 64 190 XOR
2 1 159 64 191 XOR
8 1 167 166 165 164 163 162 161 160 192 AND
7 1 167 166 165 164 163 162 161 193 AND
6 1 167 166 165 164 163 162 194 AND
5 1 167 166 165 164 163 195 AND
4 1 167 166 165 164 196 AND
3 1 167 166 165 197 AND
2 1 167 166 198 AND
8 1 175 174 173 172 171 170 169 168 199 AND
7 1 175 174 173 172 171 170 169 200 AND
6 1 175 174 173 172 171 170 201 AND
5 1 175 174 173 172 171 202 AND
4 1 175 174 173 172 203 AND
3 1 175 174 173 204 AND
2 1 175 174 205 AND
8 1 183 182 181 180 179 178 177 176 206 AND
7 1 183 182 181 180 179 178 177 207 AND
6 1 183 182 181 180 179 178 208 AND
5 1 183 182 181 180 179 209 AND
4 1 183 182 181 180 210 AND
3 1 183 182 181 211 AND
2 1 183 182 212 AND
8 1 191 190 189 188 187 186 185 184 213 AND
7 1 191 190 189 188 187 186 185 214 AND
6 1 191 190 189 188 187 186 215 AND
5 1 191 190 189 188 187 216 AND
4 1 191 190 189 188 217 AND
3 1 191 190 189 218 AND
2 1 191 190 219 AND
4 1 213 206 199 192 220 AND
4 1 213 206 199 193 221 AND
4 1 213 206 199 194 222 AND
4 1 213 206 199 195 223 AND
4 1 213 206 199 196 224 AND
4 1 213 206 199 197 225 AND
4 1 213 206 199 198 226 AND
4 1 213 206 199 167 227 AND
3 1 213 206 199 228 AND
3 1 213 206 200 229 AND
3 1 213 206 201 230 AND
3 1 213 206 202 231 AND
3 1 213 206 203 232 AND
3 1 213 206 204 233 AND
3 1 213 206 205 234 AND
3 1 213 206 175 235 AND
2 1 213 206 236 AND
2 1 213 207 237 AND
2 1 213 208 238 AND
2 1 213 209 239 AND
2 1 213 210 240 AND
2 1 213 211 241 AND
2 1 213 212 242 AND
2 1 213 183 243 AND
3 1 0 96 221 244 AND
3 1 1 97 222 245 AND
3 1 2 98 223 246 AND
3 1 3 99 224 247 AND
3 1 4 100 225 248 AND
3 1 5 101 226 249 AND
3 1 6 102 227 250 AND
3 1 7 103 228 251 AND
3 1 8 104 229 252 AND
3 1 9 105 230 253 AND
3 1 10 106 231 254 AND
3 1 11 107 232 255 AND
3 1 12 108 233 256 AND
3 1 13 109 234 257 AND
3 1 14 110 235 258 AND
3 1 15 111 236 259 AND
3 1 16 112 237 260 AND
3 1 17 113 238 261 AND
3 1 18 114 239 262 AND
3 1 19 115 240 263 AND
3 1 20 116 241 264 AND
3 1 21 117 242 265 AND
3 1 22 118 243 266 AND
3 1 23 119 213 267 AND
3 1 24 120 214 268 AND
3 1 25 121 215 269 AND
3 1 26 122 216 270 AND
3 1 27 123 217 271 AND
3 1 28 124 218 272 AND
3 1 29 125 219 273 AND
3 1 30 126 191 274 AND
1 1 191 275 EQW
2 1 244 245 276 XOR
2 1 276 246 277 XOR
2 1 277 247 278 XOR
2 1 278 248 279 XOR
2 1 279 249 280 XOR
2 1 280 250 281 XOR
2 1 281 251 282 XOR
2 1 282 252 283 XOR
2 1 283 253 284 XOR
2 1 284 254 285 XOR
2 1 285 255 286 XOR
2 1 286 256 287 XOR
2 1 287 257 288 XOR
2 1 288 258 289 XOR
2 1 289 259 290 XOR
2 1 290 260 291 XOR
2 1 291 261 292 XOR
2 1 292 262 293 XOR
2 1 293 263 294 XOR
2 1 294 264 295 XOR
2 1 295 265 296 XOR
2 1 296 266 297 XOR
2 1 297 267 298 XOR
2 1 298 268 299 XOR
2 1 299 269 300 XOR
2 1 300 270 301 XOR
2 1 301 271 302 XOR
2 1 302 272 303 XOR
2 1 303 273 304 XOR
2 1 304 274 305 XOR
2 1 305 275 306 XOR
