431 623
3 64 64 64
1 1

2 1 64 128 192 XOR
2 1 65 128 193 XOR
2 1 66 128 194 XOR
2 1 67 128 195 XOR
2 1 68 128 196 XOR
2 1 69 128 197 XOR
2 1 70 128 198 XOR
2 1 71 128 199 XOR
2 1 72 128 200 XOR
2 1 73 128 201 XOR
2 1 74 128 202 XOR
2 1 75 128 203 XOR
2 1 76 128 204 XOR
2 1 77 128 205 XOR
2 1 78 128 206 XOR
2 1 79 128 207 XOR
2 1 80 128 208 XOR
2 1 81 128 209 XOR
2 1 82 128 210 XOR
2 1 83 128 211 XOR
2 1 84 128 212 XOR
2 1 85 128 213 XOR
2 1 86 128 214 XOR
2 1 87 128 215 XOR
2 1 88 128 216 XOR
2 1 89 128 217 XOR
2 1 90 128 218 XOR
2 1 91 128 219 XOR
2 1 92 128 220 XOR
2 1 93 128 221 XOR
2 1 94 128 222 XOR
2 1 95 128 223 XOR
2 1 96 128 224 XOR
2 1 97 128 225 XOR
2 1 98 128 226 XOR
2 1 99 128 227 XOR
2 1 100 128 228 XOR
2 1 101 128 229 XOR
2 1 102 128 230 XOR
2 1 103 128 231 XOR
2 1 104 128 232 XOR
2 1 105 128 233 XOR
2 1 106 128 234 XOR
2 1 107 128 235 XOR
2 1 108 128 236 XOR
2 1 109 128 237 XOR
2 1 110 128 238 XOR
2 1 111 128 239 XOR
2 1 112 128 240 XOR
2 1 113 128 241 XOR
2 1 114 128 242 XOR
2 1 115 128 243 XOR
2 1 116 128 244 XOR
2 1 117 128 245 XOR
2 1 118 128 246 XOR
2 1 119 128 247 XOR
2 1 120 128 248 XOR
2 1 121 128 249 XOR
2 1 122 128 250 XOR
2 1 123 128 251 XOR
2 1 124 128 252 XOR
2 1 125 128 253 XOR
2 1 126 128 254 XOR
2 1 127 128 255 XOR
2 1 0 64 256 XOR
2 1 1 65 257 XOR
2 1 2 66 258 XOR
2 1 3 67 259 XOR
2 1 4 68 260 XOR
2 1 5 69 261 XOR
2 1 6 70 262 XOR
2 1 7 71 263 XOR
2 1 8 72 264 XOR
2 1 9 73 265 XOR
2 1 10 74 266 XOR
2 1 11 75 267 XOR
2 1 12 76 268 XOR
2 1 13 77 269 XOR
2 1 14 78 270 XOR
2 1 15 79 271 XOR
2 1 16 80 272 XOR
2 1 17 81 273 XOR
2 1 18 82 274 XOR
2 1 19 83 275 XOR
2 1 20 84 276 XOR
2 1 21 85 277 XOR
2 1 22 86 278 XOR
2 1 23 87 279 XOR
2 1 24 88 280 XOR
2 1 25 89 281 XOR
2 1 26 90 282 XOR
2 1 27 91 283 XOR
2 1 28 92 284 XOR
2 1 29 93 285 XOR
2 1 30 94 286 XOR
2 1 31 95 287 XOR
2 1 32 96 288 XOR
2 1 33 97 289 XOR
2 1 34 98 290 XOR
2 1 35 99 291 XOR
2 1 36 100 292 XOR
2 1 37 101 293 XOR
2 1 38 102 294 XOR
2 1 39 103 295 XOR
2 1 40 104 296 XOR
2 1 41 105 297 XOR
2 1 42 106 298 XOR
2 1 43 107 299 XOR
2 1 44 108 300 XOR
2 1 45 109 301 XOR
2 1 46 110 302 XOR
2 1 47 111 303 XOR
2 1 48 112 304 XOR
2 1 49 113 305 XOR
2 1 50 114 306 XOR
2 1 51 115 307 XOR
2 1 52 116 308 XOR
2 1 53 117 309 XOR
2 1 54 118 310 XOR
2 1 55 119 311 XOR
2 1 56 120 312 XOR
2 1 57 121 313 XOR
2 1 58 122 314 XOR
2 1 59 123 315 XOR
2 1 60 124 316 XOR
2 1 61 125 317 XOR
2 1 62 126 318 XOR
2 1 63 127 319 XOR
2 1 256 128 320 XOR
2 1 257 128 321 XOR
2 1 258 128 322 XOR
2 1 259 128 323 XOR
2 1 260 128 324 XOR
2 1 261 128 325 XOR
2 1 262 128 326 XOR
2 1 263 128 327 XOR
2 1 264 128 328 XOR
2 1 265 128 329 XOR
2 1 266 128 330 XOR
2 1 267 128 331 XOR
2 1 268 128 332 XOR
2 1 269 128 333 XOR
2 1 270 128 334 XOR
2 1 271 128 335 XOR
2 1 272 128 336 XOR
2 1 273 128 337 XOR
2 1 274 128 338 XOR
2 1 275 128 339 XOR
2 1 276 128 340 XOR
2 1 277 128 341 XOR
2 1 278 128 342 XOR
2 1 279 128 343 XOR
2 1 280 128 344 XOR
2 1 281 128 345 XOR
2 1 282 128 346 XOR
2 1 283 128 347 XOR
2 1 284 128 348 XOR
2 1 285 128 349 XOR
2 1 286 128 350 XOR
2 1 287 128 351 XOR
2 1 288 128 352 XOR
2 1 289 128 353 XOR
2 1 290 128 354 XOR
2 1 291 128 355 XOR
2 1 292 128 356 XOR
2 1 293 128 357 XOR
2 1 294 128 358 XOR
2 1 295 128 359 XOR
2 1 296 128 360 XOR
2 1 297 128 361 XOR
2 1 298 128 362 XOR
2 1 299 128 363 XOR
2 1 300 128 364 XOR
2 1 301 128 365 XOR
2 1 302 128 366 XOR
2 1 303 128 367 XOR
2 1 304 128 368 XOR
2 1 305 128 369 XOR
2 1 306 128 370 XOR
2 1 307 128 371 XOR
2 1 308 128 372 XOR
2 1 309 128 373 XOR
2 1 310 128 374 XOR
2 1 311 128 375 XOR
2 1 312 128 376 XOR
2 1 313 128 377 XOR
2 1 314 128 378 XOR
2 1 315 128 379 XOR
2 1 316 128 380 XOR
2 1 317 128 381 XOR
2 1 318 128 382 XOR
2 1 319 128 383 XOR
8 1 327 326 325 324 323 322 321 320 384 AND
7 1 327 326 325 324 323 322 321 385 AND
6 1 327 326 325 324 323 322 386 AND
5 1 327 326 325 324 323 387 AND
4 1 327 326 325 324 388 AND
3 1 327 326 325 389 AND
2 1 327 326 390 AND
8 1 335 334 333 332 331 330 329 328 391 AND
7 1 335 334 333 332 331 330 329 392 AND
6 1 335 334 333 332 331 330 393 AND
5 1 335 334 333 332 331 394 AND
4 1 335 334 333 332 395 AND
3 1 335 334 333 396 AND
2 1 335 334 397 AND
8 1 343 342 341 340 339 338 337 336 398 AND
7 1 343 342 341 340 339 338 337 399 AND
6 1 343 342 341 340 339 338 400 AND
5 1 343 342 341 340 339 401 AND
4 1 343 342 341 340 402 AND
3 1 343 342 341 403 AND
2 1 343 342 404 AND
8 1 351 350 349 348 347 346 345 344 405 AND
7 1 351 350 349 348 347 346 345 406 AND
6 1 351 350 349 348 347 346 407 AND
5 1 351 350 349 348 347 408 AND
4 1 351 350 349 348 409 AND
3 1 351 350 349 410 AND
2 1 351 350 411 AND
8 1 359 358 357 356 355 354 353 352 412 AND
7 1 359 358 357 356 355 354 353 413 AND
6 1 359 358 357 356 355 354 414 AND
5 1 359 358 357 356 355 415 AND
4 1 359 358 357 356 416 AND
3 1 359 358 357 417 AND
2 1 359 358 418 AND
8 1 367 366 365 364 363 362 361 360 419 AND
7 1 367 366 365 364 363 362 361 420 AND
6 1 367 366 365 364 363 362 421 AND
5 1 367 366 365 364 363 422 AND
4 1 367 366 365 364 423 AND
3 1 367 366 365 424 AND
2 1 367 366 425 AND
8 1 375 374 373 372 371 370 369 368 426 AND
7 1 375 374 373 372 371 370 369 427 AND
6 1 375 374 373 372 371 370 428 AND
5 1 375 374 373 372 371 429 AND
4 1 375 374 373 372 430 AND
3 1 375 374 373 431 AND
2 1 375 374 432 AND
8 1 383 382 381 380 379 378 377 376 433 AND
7 1 383 382 381 380 379 378 377 434 AND
6 1 383 382 381 380 379 378 435 AND
5 1 383 382 381 380 379 436 AND
4 1 383 382 381 380 437 AND
3 1 383 382 381 438 AND
2 1 383 382 439 AND
8 1 433 426 419 412 405 398 391 384 440 AND
8 1 433 426 419 412 405 398 391 385 441 AND
8 1 433 426 419 412 405 398 391 386 442 AND
8 1 433 426 419 412 405 398 391 387 443 AND
8 1 433 426 419 412 405 398 391 388 444 AND
8 1 433 426 419 412 405 398 391 389 445 AND
8 1 433 426 419 412 405 398 391 390 446 AND
8 1 433 426 419 412 405 398 391 327 447 AND
7 1 433 426 419 412 405 398 391 448 AND
7 1 433 426 419 412 405 398 392 449 AND
7 1 433 426 419 412 405 398 393 450 AND
7 1 433 426 419 412 405 398 394 451 AND
7 1 433 426 419 412 405 398 395 452 AND
7 1 433 426 419 412 405 398 396 453 AND
7 1 433 426 419 412 405 398 397 454 AND
7 1 433 426 419 412 405 398 335 455 AND
6 1 433 426 419 412 405 398 456 AND
6 1 433 426 419 412 405 399 457 AND
6 1 433 426 419 412 405 400 458 AND
6 1 433 426 419 412 405 401 459 AND
6 1 433 426 419 412 405 402 460 AND
6 1 433 426 419 412 405 403 461 AND
6 1 433 426 419 412 405 404 462 AND
6 1 433 426 419 412 405 343 463 AND
5 1 433 426 419 412 405 464 AND
5 1 433 426 419 412 406 465 AND
5 1 433 426 419 412 407 466 AND
5 1 433 426 419 412 408 467 AND
5 1 433 426 419 412 409 468 AND
5 1 433 426 419 412 410 469 AND
5 1 433 426 419 412 411 470 AND
5 1 433 426 419 412 351 471 AND
4 1 433 426 419 412 472 AND
4 1 433 426 419 413 473 AND
4 1 433 426 419 414 474 AND
4 1 433 426 419 415 475 AND
4 1 433 426 419 416 476 AND
4 1 433 426 419 417 477 AND
4 1 433 426 419 418 478 AND
4 1 433 426 419 359 479 AND
3 1 433 426 419 480 AND
3 1 433 426 420 481 AND
3 1 433 426 421 482 AND
3 1 433 426 422 483 AND
3 1 433 426 423 484 AND
3 1 433 426 424 485 AND
3 1 433 426 425 486 AND
3 1 433 426 367 487 AND
2 1 433 426 488 AND
2 1 433 427 489 AND
2 1 433 428 490 AND
2 1 433 429 491 AND
2 1 433 430 492 AND
2 1 433 431 493 AND
2 1 433 432 494 AND
2 1 433 375 495 AND
3 1 0 192 441 496 AND
3 1 1 193 442 497 AND
3 1 2 194 443 498 AND
3 1 3 195 444 499 AND
3 1 4 196 445 500 AND
3 1 5 197 446 501 AND
3 1 6 198 447 502 AND
3 1 7 199 448 503 AND
3 1 8 200 449 504 AND
3 1 9 201 450 505 AND
3 1 10 202 451 506 AND
3 1 11 203 452 507 AND
3 1 12 204 453 508 AND
3 1 13 205 454 509 AND
3 1 14 206 455 510 AND
3 1 15 207 456 511 AND
3 1 16 208 457 512 AND
3 1 17 209 458 513 AND
3 1 18 210 459 514 AND
3 1 19 211 460 515 AND
3 1 20 212 461 516 AND
3 1 21 213 462 517 AND
3 1 22 214 463 518 AND
3 1 23 215 464 519 AND
3 1 24 216 465 520 AND
3 1 25 217 466 521 AND
3 1 26 218 467 522 AND
3 1 27 219 468 523 AND
3 1 28 220 469 524 AND
3 1 29 221 470 525 AND
3 1 30 222 471 526 AND
3 1 31 223 472 527 AND
3 1 32 224 473 528 AND
3 1 33 225 474 529 AND
3 1 34 226 475 530 AND
3 1 35 227 476 531 AND
3 1 36 228 477 532 AND
3 1 37 229 478 533 AND
3 1 38 230 479 534 AND
3 1 39 231 480 535 AND
3 1 40 232 481 536 AND
3 1 41 233 482 537 AND
3 1 42 234 483 538 AND
3 1 43 235 484 539 AND
3 1 44 236 485 540 AND
3 1 45 237 486 541 AND
3 1 46 238 487 542 AND
3 1 47 239 488 543 AND
3 1 48 240 489 544 AND
3 1 49 241 490 545 AND
3 1 50 242 491 546 AND
3 1 51 243 492 547 AND
3 1 52 244 493 548 AND
3 1 53 245 494 549 AND
3 1 54 246 495 550 AND
3 1 55 247 433 551 AND
3 1 56 248 434 552 AND
3 1 57 249 435 553 AND
3 1 58 250 436 554 AND
3 1 59 251 437 555 AND
3 1 60 252 438 556 AND
3 1 61 253 439 557 AND
3 1 62 254 383 558 AND
1 1 383 559 EQW
2 1 496 497 560 XOR
2 1 560 498 561 XOR
2 1 561 499 562 XOR
2 1 562 500 563 XOR
2 1 563 501 564 XOR
2 1 564 502 565 XOR
2 1 565 503 566 XOR
2 1 566 504 567 XOR
2 1 567 505 568 XOR
2 1 568 506 569 XOR
2 1 569 507 570 XOR
2 1 570 508 571 XOR
2 1 571 509 572 XOR
2 1 572 510 573 XOR
2 1 573 511 574 XOR
2 1 574 512 575 XOR
2 1 575 513 576 XOR
2 1 576 514 577 XOR
2 1 577 515 578 XOR
2 1 578 516 579 XOR
2 1 579 517 580 XOR
2 1 580 518 581 XOR
2 1 581 519 582 XOR
2 1 582 520 583 XOR
2 1 583 521 584 XOR
2 1 584 522 585 XOR
2 1 585 523 586 XOR
2 1 586 524 587 XOR
2 1 587 525 588 XOR
2 1 588 526 589 XOR
2 1 589 527 590 XOR
2 1 590 528 591 XOR
2 1 591 529 592 XOR
2 1 592 530 593 XOR
2 1 593 531 594 XOR
2 1 594 532 595 XOR
2 1 595 533 596 XOR
2 1 596 534 597 XOR
2 1 597 535 598 XOR
2 1 598 536 599 XOR
2 1 599 537 600 XOR
2 1 600 538 601 XOR
2 1 601 539 602 XOR
2 1 602 540 603 XOR
2 1 603 541 604 XOR
2 1 604 542 605 XOR
2 1 605 543 606 XOR
2 1 606 544 607 XOR
2 1 607 545 608 XOR
2 1 608 546 609 XOR
2 1 609 547 610 XOR
2 1 610 548 611 XOR
2 1 611 549 612 XOR
2 1 612 550 613 XOR
2 1 613 551 614 XOR
2 1 614 552 615 XOR
2 1 615 553 616 XOR
2 1 616 554 617 XOR
2 1 617 555 618 XOR
2 1 618 556 619 XOR
2 1 619 557 620 XOR
2 1 620 558 621 XOR
2 1 621 559 622 XOR
