927 1311
6 64 64 64 64 64 64
1 1

2 1 128 256 384 XOR
2 1 129 256 385 XOR
2 1 130 256 386 XOR
2 1 131 256 387 XOR
2 1 132 256 388 XOR
2 1 133 256 389 XOR
2 1 134 256 390 XOR
2 1 135 256 391 XOR
2 1 136 256 392 XOR
2 1 137 256 393 XOR
2 1 138 256 394 XOR
2 1 139 256 395 XOR
2 1 140 256 396 XOR
2 1 141 256 397 XOR
2 1 142 256 398 XOR
2 1 143 256 399 XOR
2 1 144 256 400 XOR
2 1 145 256 401 XOR
2 1 146 256 402 XOR
2 1 147 256 403 XOR
2 1 148 256 404 XOR
2 1 149 256 405 XOR
2 1 150 256 406 XOR
2 1 151 256 407 XOR
2 1 152 256 408 XOR
2 1 153 256 409 XOR
2 1 154 256 410 XOR
2 1 155 256 411 XOR
2 1 156 256 412 XOR
2 1 157 256 413 XOR
2 1 158 256 414 XOR
2 1 159 256 415 XOR
2 1 160 256 416 XOR
2 1 161 256 417 XOR
2 1 162 256 418 XOR
2 1 163 256 419 XOR
2 1 164 256 420 XOR
2 1 165 256 421 XOR
2 1 166 256 422 XOR
2 1 167 256 423 XOR
2 1 168 256 424 XOR
2 1 169 256 425 XOR
2 1 170 256 426 XOR
2 1 171 256 427 XOR
2 1 172 256 428 XOR
2 1 173 256 429 XOR
2 1 174 256 430 XOR
2 1 175 256 431 XOR
2 1 176 256 432 XOR
2 1 177 256 433 XOR
2 1 178 256 434 XOR
2 1 179 256 435 XOR
2 1 180 256 436 XOR
2 1 181 256 437 XOR
2 1 182 256 438 XOR
2 1 183 256 439 XOR
2 1 184 256 440 XOR
2 1 185 256 441 XOR
2 1 186 256 442 XOR
2 1 187 256 443 XOR
2 1 188 256 444 XOR
2 1 189 256 445 XOR
2 1 190 256 446 XOR
2 1 191 256 447 XOR
2 1 192 256 448 XOR
2 1 193 256 449 XOR
2 1 194 256 450 XOR
2 1 195 256 451 XOR
2 1 196 256 452 XOR
2 1 197 256 453 XOR
2 1 198 256 454 XOR
2 1 199 256 455 XOR
2 1 200 256 456 XOR
2 1 201 256 457 XOR
2 1 202 256 458 XOR
2 1 203 256 459 XOR
2 1 204 256 460 XOR
2 1 205 256 461 XOR
2 1 206 256 462 XOR
2 1 207 256 463 XOR
2 1 208 256 464 XOR
2 1 209 256 465 XOR
2 1 210 256 466 XOR
2 1 211 256 467 XOR
2 1 212 256 468 XOR
2 1 213 256 469 XOR
2 1 214 256 470 XOR
2 1 215 256 471 XOR
2 1 216 256 472 XOR
2 1 217 256 473 XOR
2 1 218 256 474 XOR
2 1 219 256 475 XOR
2 1 220 256 476 XOR
2 1 221 256 477 XOR
2 1 222 256 478 XOR
2 1 223 256 479 XOR
2 1 224 256 480 XOR
2 1 225 256 481 XOR
2 1 226 256 482 XOR
2 1 227 256 483 XOR
2 1 228 256 484 XOR
2 1 229 256 485 XOR
2 1 230 256 486 XOR
2 1 231 256 487 XOR
2 1 232 256 488 XOR
2 1 233 256 489 XOR
2 1 234 256 490 XOR
2 1 235 256 491 XOR
2 1 236 256 492 XOR
2 1 237 256 493 XOR
2 1 238 256 494 XOR
2 1 239 256 495 XOR
2 1 240 256 496 XOR
2 1 241 256 497 XOR
2 1 242 256 498 XOR
2 1 243 256 499 XOR
2 1 244 256 500 XOR
2 1 245 256 501 XOR
2 1 246 256 502 XOR
2 1 247 256 503 XOR
2 1 248 256 504 XOR
2 1 249 256 505 XOR
2 1 250 256 506 XOR
2 1 251 256 507 XOR
2 1 252 256 508 XOR
2 1 253 256 509 XOR
2 1 254 256 510 XOR
2 1 255 256 511 XOR
2 1 0 128 512 XOR
2 1 1 129 513 XOR
2 1 2 130 514 XOR
2 1 3 131 515 XOR
2 1 4 132 516 XOR
2 1 5 133 517 XOR
2 1 6 134 518 XOR
2 1 7 135 519 XOR
2 1 8 136 520 XOR
2 1 9 137 521 XOR
2 1 10 138 522 XOR
2 1 11 139 523 XOR
2 1 12 140 524 XOR
2 1 13 141 525 XOR
2 1 14 142 526 XOR
2 1 15 143 527 XOR
2 1 16 144 528 XOR
2 1 17 145 529 XOR
2 1 18 146 530 XOR
2 1 19 147 531 XOR
2 1 20 148 532 XOR
2 1 21 149 533 XOR
2 1 22 150 534 XOR
2 1 23 151 535 XOR
2 1 24 152 536 XOR
2 1 25 153 537 XOR
2 1 26 154 538 XOR
2 1 27 155 539 XOR
2 1 28 156 540 XOR
2 1 29 157 541 XOR
2 1 30 158 542 XOR
2 1 31 159 543 XOR
2 1 32 160 544 XOR
2 1 33 161 545 XOR
2 1 34 162 546 XOR
2 1 35 163 547 XOR
2 1 36 164 548 XOR
2 1 37 165 549 XOR
2 1 38 166 550 XOR
2 1 39 167 551 XOR
2 1 40 168 552 XOR
2 1 41 169 553 XOR
2 1 42 170 554 XOR
2 1 43 171 555 XOR
2 1 44 172 556 XOR
2 1 45 173 557 XOR
2 1 46 174 558 XOR
2 1 47 175 559 XOR
2 1 48 176 560 XOR
2 1 49 177 561 XOR
2 1 50 178 562 XOR
2 1 51 179 563 XOR
2 1 52 180 564 XOR
2 1 53 181 565 XOR
2 1 54 182 566 XOR
2 1 55 183 567 XOR
2 1 56 184 568 XOR
2 1 57 185 569 XOR
2 1 58 186 570 XOR
2 1 59 187 571 XOR
2 1 60 188 572 XOR
2 1 61 189 573 XOR
2 1 62 190 574 XOR
2 1 63 191 575 XOR
2 1 64 192 576 XOR
2 1 65 193 577 XOR
2 1 66 194 578 XOR
2 1 67 195 579 XOR
2 1 68 196 580 XOR
2 1 69 197 581 XOR
2 1 70 198 582 XOR
2 1 71 199 583 XOR
2 1 72 200 584 XOR
2 1 73 201 585 XOR
2 1 74 202 586 XOR
2 1 75 203 587 XOR
2 1 76 204 588 XOR
2 1 77 205 589 XOR
2 1 78 206 590 XOR
2 1 79 207 591 XOR
2 1 80 208 592 XOR
2 1 81 209 593 XOR
2 1 82 210 594 XOR
2 1 83 211 595 XOR
2 1 84 212 596 XOR
2 1 85 213 597 XOR
2 1 86 214 598 XOR
2 1 87 215 599 XOR
2 1 88 216 600 XOR
2 1 89 217 601 XOR
2 1 90 218 602 XOR
2 1 91 219 603 XOR
2 1 92 220 604 XOR
2 1 93 221 605 XOR
2 1 94 222 606 XOR
2 1 95 223 607 XOR
2 1 96 224 608 XOR
2 1 97 225 609 XOR
2 1 98 226 610 XOR
2 1 99 227 611 XOR
2 1 100 228 612 XOR
2 1 101 229 613 XOR
2 1 102 230 614 XOR
2 1 103 231 615 XOR
2 1 104 232 616 XOR
2 1 105 233 617 XOR
2 1 106 234 618 XOR
2 1 107 235 619 XOR
2 1 108 236 620 XOR
2 1 109 237 621 XOR
2 1 110 238 622 XOR
2 1 111 239 623 XOR
2 1 112 240 624 XOR
2 1 113 241 625 XOR
2 1 114 242 626 XOR
2 1 115 243 627 XOR
2 1 116 244 628 XOR
2 1 117 245 629 XOR
2 1 118 246 630 XOR
2 1 119 247 631 XOR
2 1 120 248 632 XOR
2 1 121 249 633 XOR
2 1 122 250 634 XOR
2 1 123 251 635 XOR
2 1 124 252 636 XOR
2 1 125 253 637 XOR
2 1 126 254 638 XOR
2 1 127 255 639 XOR
2 1 512 256 640 XOR
2 1 513 256 641 XOR
2 1 514 256 642 XOR
2 1 515 256 643 XOR
2 1 516 256 644 XOR
2 1 517 256 645 XOR
2 1 518 256 646 XOR
2 1 519 256 647 XOR
2 1 520 256 648 XOR
2 1 521 256 649 XOR
2 1 522 256 650 XOR
2 1 523 256 651 XOR
2 1 524 256 652 XOR
2 1 525 256 653 XOR
2 1 526 256 654 XOR
2 1 527 256 655 XOR
2 1 528 256 656 XOR
2 1 529 256 657 XOR
2 1 530 256 658 XOR
2 1 531 256 659 XOR
2 1 532 256 660 XOR
2 1 533 256 661 XOR
2 1 534 256 662 XOR
2 1 535 256 663 XOR
2 1 536 256 664 XOR
2 1 537 256 665 XOR
2 1 538 256 666 XOR
2 1 539 256 667 XOR
2 1 540 256 668 XOR
2 1 541 256 669 XOR
2 1 542 256 670 XOR
2 1 543 256 671 XOR
2 1 544 256 672 XOR
2 1 545 256 673 XOR
2 1 546 256 674 XOR
2 1 547 256 675 XOR
2 1 548 256 676 XOR
2 1 549 256 677 XOR
2 1 550 256 678 XOR
2 1 551 256 679 XOR
2 1 552 256 680 XOR
2 1 553 256 681 XOR
2 1 554 256 682 XOR
2 1 555 256 683 XOR
2 1 556 256 684 XOR
2 1 557 256 685 XOR
2 1 558 256 686 XOR
2 1 559 256 687 XOR
2 1 560 256 688 XOR
2 1 561 256 689 XOR
2 1 562 256 690 XOR
2 1 563 256 691 XOR
2 1 564 256 692 XOR
2 1 565 256 693 XOR
2 1 566 256 694 XOR
2 1 567 256 695 XOR
2 1 568 256 696 XOR
2 1 569 256 697 XOR
2 1 570 256 698 XOR
2 1 571 256 699 XOR
2 1 572 256 700 XOR
2 1 573 256 701 XOR
2 1 574 256 702 XOR
2 1 575 256 703 XOR
2 1 576 256 704 XOR
2 1 577 256 705 XOR
2 1 578 256 706 XOR
2 1 579 256 707 XOR
2 1 580 256 708 XOR
2 1 581 256 709 XOR
2 1 582 256 710 XOR
2 1 583 256 711 XOR
2 1 584 256 712 XOR
2 1 585 256 713 XOR
2 1 586 256 714 XOR
2 1 587 256 715 XOR
2 1 588 256 716 XOR
2 1 589 256 717 XOR
2 1 590 256 718 XOR
2 1 591 256 719 XOR
2 1 592 256 720 XOR
2 1 593 256 721 XOR
2 1 594 256 722 XOR
2 1 595 256 723 XOR
2 1 596 256 724 XOR
2 1 597 256 725 XOR
2 1 598 256 726 XOR
2 1 599 256 727 XOR
2 1 600 256 728 XOR
2 1 601 256 729 XOR
2 1 602 256 730 XOR
2 1 603 256 731 XOR
2 1 604 256 732 XOR
2 1 605 256 733 XOR
2 1 606 256 734 XOR
2 1 607 256 735 XOR
2 1 608 256 736 XOR
2 1 609 256 737 XOR
2 1 610 256 738 XOR
2 1 611 256 739 XOR
2 1 612 256 740 XOR
2 1 613 256 741 XOR
2 1 614 256 742 XOR
2 1 615 256 743 XOR
2 1 616 256 744 XOR
2 1 617 256 745 XOR
2 1 618 256 746 XOR
2 1 619 256 747 XOR
2 1 620 256 748 XOR
2 1 621 256 749 XOR
2 1 622 256 750 XOR
2 1 623 256 751 XOR
2 1 624 256 752 XOR
2 1 625 256 753 XOR
2 1 626 256 754 XOR
2 1 627 256 755 XOR
2 1 628 256 756 XOR
2 1 629 256 757 XOR
2 1 630 256 758 XOR
2 1 631 256 759 XOR
2 1 632 256 760 XOR
2 1 633 256 761 XOR
2 1 634 256 762 XOR
2 1 635 256 763 XOR
2 1 636 256 764 XOR
2 1 637 256 765 XOR
2 1 638 256 766 XOR
2 1 639 256 767 XOR
8 1 647 646 645 644 643 642 641 640 768 AND
7 1 647 646 645 644 643 642 641 769 AND
6 1 647 646 645 644 643 642 770 AND
5 1 647 646 645 644 643 771 AND
4 1 647 646 645 644 772 AND
3 1 647 646 645 773 AND
2 1 647 646 774 AND
8 1 655 654 653 652 651 650 649 648 775 AND
7 1 655 654 653 652 651 650 649 776 AND
6 1 655 654 653 652 651 650 777 AND
5 1 655 654 653 652 651 778 AND
4 1 655 654 653 652 779 AND
3 1 655 654 653 780 AND
2 1 655 654 781 AND
8 1 663 662 661 660 659 658 657 656 782 AND
7 1 663 662 661 660 659 658 657 783 AND
6 1 663 662 661 660 659 658 784 AND
5 1 663 662 661 660 659 785 AND
4 1 663 662 661 660 786 AND
3 1 663 662 661 787 AND
2 1 663 662 788 AND
8 1 671 670 669 668 667 666 665 664 789 AND
7 1 671 670 669 668 667 666 665 790 AND
6 1 671 670 669 668 667 666 791 AND
5 1 671 670 669 668 667 792 AND
4 1 671 670 669 668 793 AND
3 1 671 670 669 794 AND
2 1 671 670 795 AND
8 1 679 678 677 676 675 674 673 672 796 AND
7 1 679 678 677 676 675 674 673 797 AND
6 1 679 678 677 676 675 674 798 AND
5 1 679 678 677 676 675 799 AND
4 1 679 678 677 676 800 AND
3 1 679 678 677 801 AND
2 1 679 678 802 AND
8 1 687 686 685 684 683 682 681 680 803 AND
7 1 687 686 685 684 683 682 681 804 AND
6 1 687 686 685 684 683 682 805 AND
5 1 687 686 685 684 683 806 AND
4 1 687 686 685 684 807 AND
3 1 687 686 685 808 AND
2 1 687 686 809 AND
8 1 695 694 693 692 691 690 689 688 810 AND
7 1 695 694 693 692 691 690 689 811 AND
6 1 695 694 693 692 691 690 812 AND
5 1 695 694 693 692 691 813 AND
4 1 695 694 693 692 814 AND
3 1 695 694 693 815 AND
2 1 695 694 816 AND
8 1 703 702 701 700 699 698 697 696 817 AND
7 1 703 702 701 700 699 698 697 818 AND
6 1 703 702 701 700 699 698 819 AND
5 1 703 702 701 700 699 820 AND
4 1 703 702 701 700 821 AND
3 1 703 702 701 822 AND
2 1 703 702 823 AND
8 1 711 710 709 708 707 706 705 704 824 AND
7 1 711 710 709 708 707 706 705 825 AND
6 1 711 710 709 708 707 706 826 AND
5 1 711 710 709 708 707 827 AND
4 1 711 710 709 708 828 AND
3 1 711 710 709 829 AND
2 1 711 710 830 AND
8 1 719 718 717 716 715 714 713 712 831 AND
7 1 719 718 717 716 715 714 713 832 AND
6 1 719 718 717 716 715 714 833 AND
5 1 719 718 717 716 715 834 AND
4 1 719 718 717 716 835 AND
3 1 719 718 717 836 AND
2 1 719 718 837 AND
8 1 727 726 725 724 723 722 721 720 838 AND
7 1 727 726 725 724 723 722 721 839 AND
6 1 727 726 725 724 723 722 840 AND
5 1 727 726 725 724 723 841 AND
4 1 727 726 725 724 842 AND
3 1 727 726 725 843 AND
2 1 727 726 844 AND
8 1 735 734 733 732 731 730 729 728 845 AND
7 1 735 734 733 732 731 730 729 846 AND
6 1 735 734 733 732 731 730 847 AND
5 1 735 734 733 732 731 848 AND
4 1 735 734 733 732 849 AND
3 1 735 734 733 850 AND
2 1 735 734 851 AND
8 1 743 742 741 740 739 738 737 736 852 AND
7 1 743 742 741 740 739 738 737 853 AND
6 1 743 742 741 740 739 738 854 AND
5 1 743 742 741 740 739 855 AND
4 1 743 742 741 740 856 AND
3 1 743 742 741 857 AND
2 1 743 742 858 AND
8 1 751 750 749 748 747 746 745 744 859 AND
7 1 751 750 749 748 747 746 745 860 AND
6 1 751 750 749 748 747 746 861 AND
5 1 751 750 749 748 747 862 AND
4 1 751 750 749 748 863 AND
3 1 751 750 749 864 AND
2 1 751 750 865 AND
8 1 759 758 757 756 755 754 753 752 866 AND
7 1 759 758 757 756 755 754 753 867 AND
6 1 759 758 757 756 755 754 868 AND
5 1 759 758 757 756 755 869 AND
4 1 759 758 757 756 870 AND
3 1 759 758 757 871 AND
2 1 759 758 872 AND
8 1 767 766 765 764 763 762 761 760 873 AND
7 1 767 766 765 764 763 762 761 874 AND
6 1 767 766 765 764 763 762 875 AND
5 1 767 766 765 764 763 876 AND
4 1 767 766 765 764 877 AND
3 1 767 766 765 878 AND
2 1 767 766 879 AND
8 1 817 810 803 796 789 782 775 768 880 AND
8 1 817 810 803 796 789 782 775 769 881 AND
8 1 817 810 803 796 789 782 775 770 882 AND
8 1 817 810 803 796 789 782 775 771 883 AND
8 1 817 810 803 796 789 782 775 772 884 AND
8 1 817 810 803 796 789 782 775 773 885 AND
8 1 817 810 803 796 789 782 775 774 886 AND
8 1 817 810 803 796 789 782 775 647 887 AND
7 1 817 810 803 796 789 782 775 888 AND
7 1 817 810 803 796 789 782 776 889 AND
7 1 817 810 803 796 789 782 777 890 AND
7 1 817 810 803 796 789 782 778 891 AND
7 1 817 810 803 796 789 782 779 892 AND
7 1 817 810 803 796 789 782 780 893 AND
7 1 817 810 803 796 789 782 781 894 AND
7 1 817 810 803 796 789 782 655 895 AND
6 1 817 810 803 796 789 782 896 AND
6 1 817 810 803 796 789 783 897 AND
6 1 817 810 803 796 789 784 898 AND
6 1 817 810 803 796 789 785 899 AND
6 1 817 810 803 796 789 786 900 AND
6 1 817 810 803 796 789 787 901 AND
6 1 817 810 803 796 789 788 902 AND
6 1 817 810 803 796 789 663 903 AND
5 1 817 810 803 796 789 904 AND
5 1 817 810 803 796 790 905 AND
5 1 817 810 803 796 791 906 AND
5 1 817 810 803 796 792 907 AND
5 1 817 810 803 796 793 908 AND
5 1 817 810 803 796 794 909 AND
5 1 817 810 803 796 795 910 AND
5 1 817 810 803 796 671 911 AND
4 1 817 810 803 796 912 AND
4 1 817 810 803 797 913 AND
4 1 817 810 803 798 914 AND
4 1 817 810 803 799 915 AND
4 1 817 810 803 800 916 AND
4 1 817 810 803 801 917 AND
4 1 817 810 803 802 918 AND
4 1 817 810 803 679 919 AND
3 1 817 810 803 920 AND
3 1 817 810 804 921 AND
3 1 817 810 805 922 AND
3 1 817 810 806 923 AND
3 1 817 810 807 924 AND
3 1 817 810 808 925 AND
3 1 817 810 809 926 AND
3 1 817 810 687 927 AND
2 1 817 810 928 AND
2 1 817 811 929 AND
2 1 817 812 930 AND
2 1 817 813 931 AND
2 1 817 814 932 AND
2 1 817 815 933 AND
2 1 817 816 934 AND
2 1 817 695 935 AND
8 1 873 866 859 852 845 838 831 824 936 AND
8 1 873 866 859 852 845 838 831 825 937 AND
8 1 873 866 859 852 845 838 831 826 938 AND
8 1 873 866 859 852 845 838 831 827 939 AND
8 1 873 866 859 852 845 838 831 828 940 AND
8 1 873 866 859 852 845 838 831 829 941 AND
8 1 873 866 859 852 845 838 831 830 942 AND
8 1 873 866 859 852 845 838 831 711 943 AND
7 1 873 866 859 852 845 838 831 944 AND
7 1 873 866 859 852 845 838 832 945 AND
7 1 873 866 859 852 845 838 833 946 AND
7 1 873 866 859 852 845 838 834 947 AND
7 1 873 866 859 852 845 838 835 948 AND
7 1 873 866 859 852 845 838 836 949 AND
7 1 873 866 859 852 845 838 837 950 AND
7 1 873 866 859 852 845 838 719 951 AND
6 1 873 866 859 852 845 838 952 AND
6 1 873 866 859 852 845 839 953 AND
6 1 873 866 859 852 845 840 954 AND
6 1 873 866 859 852 845 841 955 AND
6 1 873 866 859 852 845 842 956 AND
6 1 873 866 859 852 845 843 957 AND
6 1 873 866 859 852 845 844 958 AND
6 1 873 866 859 852 845 727 959 AND
5 1 873 866 859 852 845 960 AND
5 1 873 866 859 852 846 961 AND
5 1 873 866 859 852 847 962 AND
5 1 873 866 859 852 848 963 AND
5 1 873 866 859 852 849 964 AND
5 1 873 866 859 852 850 965 AND
5 1 873 866 859 852 851 966 AND
5 1 873 866 859 852 735 967 AND
4 1 873 866 859 852 968 AND
4 1 873 866 859 853 969 AND
4 1 873 866 859 854 970 AND
4 1 873 866 859 855 971 AND
4 1 873 866 859 856 972 AND
4 1 873 866 859 857 973 AND
4 1 873 866 859 858 974 AND
4 1 873 866 859 743 975 AND
3 1 873 866 859 976 AND
3 1 873 866 860 977 AND
3 1 873 866 861 978 AND
3 1 873 866 862 979 AND
3 1 873 866 863 980 AND
3 1 873 866 864 981 AND
3 1 873 866 865 982 AND
3 1 873 866 751 983 AND
2 1 873 866 984 AND
2 1 873 867 985 AND
2 1 873 868 986 AND
2 1 873 869 987 AND
2 1 873 870 988 AND
2 1 873 871 989 AND
2 1 873 872 990 AND
2 1 873 759 991 AND
2 1 936 880 992 AND
2 1 936 881 993 AND
2 1 936 882 994 AND
2 1 936 883 995 AND
2 1 936 884 996 AND
2 1 936 885 997 AND
2 1 936 886 998 AND
2 1 936 887 999 AND
2 1 936 888 1000 AND
2 1 936 889 1001 AND
2 1 936 890 1002 AND
2 1 936 891 1003 AND
2 1 936 892 1004 AND
2 1 936 893 1005 AND
2 1 936 894 1006 AND
2 1 936 895 1007 AND
2 1 936 896 1008 AND
2 1 936 897 1009 AND
2 1 936 898 1010 AND
2 1 936 899 1011 AND
2 1 936 900 1012 AND
2 1 936 901 1013 AND
2 1 936 902 1014 AND
2 1 936 903 1015 AND
2 1 936 904 1016 AND
2 1 936 905 1017 AND
2 1 936 906 1018 AND
2 1 936 907 1019 AND
2 1 936 908 1020 AND
2 1 936 909 1021 AND
2 1 936 910 1022 AND
2 1 936 911 1023 AND
2 1 936 912 1024 AND
2 1 936 913 1025 AND
2 1 936 914 1026 AND
2 1 936 915 1027 AND
2 1 936 916 1028 AND
2 1 936 917 1029 AND
2 1 936 918 1030 AND
2 1 936 919 1031 AND
2 1 936 920 1032 AND
2 1 936 921 1033 AND
2 1 936 922 1034 AND
2 1 936 923 1035 AND
2 1 936 924 1036 AND
2 1 936 925 1037 AND
2 1 936 926 1038 AND
2 1 936 927 1039 AND
2 1 936 928 1040 AND
2 1 936 929 1041 AND
2 1 936 930 1042 AND
2 1 936 931 1043 AND
2 1 936 932 1044 AND
2 1 936 933 1045 AND
2 1 936 934 1046 AND
2 1 936 935 1047 AND
2 1 936 817 1048 AND
2 1 936 818 1049 AND
2 1 936 819 1050 AND
2 1 936 820 1051 AND
2 1 936 821 1052 AND
2 1 936 822 1053 AND
2 1 936 823 1054 AND
2 1 936 703 1055 AND
3 1 0 384 993 1056 AND
3 1 1 385 994 1057 AND
3 1 2 386 995 1058 AND
3 1 3 387 996 1059 AND
3 1 4 388 997 1060 AND
3 1 5 389 998 1061 AND
3 1 6 390 999 1062 AND
3 1 7 391 1000 1063 AND
3 1 8 392 1001 1064 AND
3 1 9 393 1002 1065 AND
3 1 10 394 1003 1066 AND
3 1 11 395 1004 1067 AND
3 1 12 396 1005 1068 AND
3 1 13 397 1006 1069 AND
3 1 14 398 1007 1070 AND
3 1 15 399 1008 1071 AND
3 1 16 400 1009 1072 AND
3 1 17 401 1010 1073 AND
3 1 18 402 1011 1074 AND
3 1 19 403 1012 1075 AND
3 1 20 404 1013 1076 AND
3 1 21 405 1014 1077 AND
3 1 22 406 1015 1078 AND
3 1 23 407 1016 1079 AND
3 1 24 408 1017 1080 AND
3 1 25 409 1018 1081 AND
3 1 26 410 1019 1082 AND
3 1 27 411 1020 1083 AND
3 1 28 412 1021 1084 AND
3 1 29 413 1022 1085 AND
3 1 30 414 1023 1086 AND
3 1 31 415 1024 1087 AND
3 1 32 416 1025 1088 AND
3 1 33 417 1026 1089 AND
3 1 34 418 1027 1090 AND
3 1 35 419 1028 1091 AND
3 1 36 420 1029 1092 AND
3 1 37 421 1030 1093 AND
3 1 38 422 1031 1094 AND
3 1 39 423 1032 1095 AND
3 1 40 424 1033 1096 AND
3 1 41 425 1034 1097 AND
3 1 42 426 1035 1098 AND
3 1 43 427 1036 1099 AND
3 1 44 428 1037 1100 AND
3 1 45 429 1038 1101 AND
3 1 46 430 1039 1102 AND
3 1 47 431 1040 1103 AND
3 1 48 432 1041 1104 AND
3 1 49 433 1042 1105 AND
3 1 50 434 1043 1106 AND
3 1 51 435 1044 1107 AND
3 1 52 436 1045 1108 AND
3 1 53 437 1046 1109 AND
3 1 54 438 1047 1110 AND
3 1 55 439 1048 1111 AND
3 1 56 440 1049 1112 AND
3 1 57 441 1050 1113 AND
3 1 58 442 1051 1114 AND
3 1 59 443 1052 1115 AND
3 1 60 444 1053 1116 AND
3 1 61 445 1054 1117 AND
3 1 62 446 1055 1118 AND
3 1 63 447 936 1119 AND
3 1 64 448 937 1120 AND
3 1 65 449 938 1121 AND
3 1 66 450 939 1122 AND
3 1 67 451 940 1123 AND
3 1 68 452 941 1124 AND
3 1 69 453 942 1125 AND
3 1 70 454 943 1126 AND
3 1 71 455 944 1127 AND
3 1 72 456 945 1128 AND
3 1 73 457 946 1129 AND
3 1 74 458 947 1130 AND
3 1 75 459 948 1131 AND
3 1 76 460 949 1132 AND
3 1 77 461 950 1133 AND
3 1 78 462 951 1134 AND
3 1 79 463 952 1135 AND
3 1 80 464 953 1136 AND
3 1 81 465 954 1137 AND
3 1 82 466 955 1138 AND
3 1 83 467 956 1139 AND
3 1 84 468 957 1140 AND
3 1 85 469 958 1141 AND
3 1 86 470 959 1142 AND
3 1 87 471 960 1143 AND
3 1 88 472 961 1144 AND
3 1 89 473 962 1145 AND
3 1 90 474 963 1146 AND
3 1 91 475 964 1147 AND
3 1 92 476 965 1148 AND
3 1 93 477 966 1149 AND
3 1 94 478 967 1150 AND
3 1 95 479 968 1151 AND
3 1 96 480 969 1152 AND
3 1 97 481 970 1153 AND
3 1 98 482 971 1154 AND
3 1 99 483 972 1155 AND
3 1 100 484 973 1156 AND
3 1 101 485 974 1157 AND
3 1 102 486 975 1158 AND
3 1 103 487 976 1159 AND
3 1 104 488 977 1160 AND
3 1 105 489 978 1161 AND
3 1 106 490 979 1162 AND
3 1 107 491 980 1163 AND
3 1 108 492 981 1164 AND
3 1 109 493 982 1165 AND
3 1 110 494 983 1166 AND
3 1 111 495 984 1167 AND
3 1 112 496 985 1168 AND
3 1 113 497 986 1169 AND
3 1 114 498 987 1170 AND
3 1 115 499 988 1171 AND
3 1 116 500 989 1172 AND
3 1 117 501 990 1173 AND
3 1 118 502 991 1174 AND
3 1 119 503 873 1175 AND
3 1 120 504 874 1176 AND
3 1 121 505 875 1177 AND
3 1 122 506 876 1178 AND
3 1 123 507 877 1179 AND
3 1 124 508 878 1180 AND
3 1 125 509 879 1181 AND
3 1 126 510 767 1182 AND
1 1 767 1183 EQW
2 1 1056 1057 1184 XOR
2 1 1184 1058 1185 XOR
2 1 1185 1059 1186 XOR
2 1 1186 1060 1187 XOR
2 1 1187 1061 1188 XOR
2 1 1188 1062 1189 XOR
2 1 1189 1063 1190 XOR
2 1 1190 1064 1191 XOR
2 1 1191 1065 1192 XOR
2 1 1192 1066 1193 XOR
2 1 1193 1067 1194 XOR
2 1 1194 1068 1195 XOR
2 1 1195 1069 1196 XOR
2 1 1196 1070 1197 XOR
2 1 1197 1071 1198 XOR
2 1 1198 1072 1199 XOR
2 1 1199 1073 1200 XOR
2 1 1200 1074 1201 XOR
2 1 1201 1075 1202 XOR
2 1 1202 1076 1203 XOR
2 1 1203 1077 1204 XOR
2 1 1204 1078 1205 XOR
2 1 1205 1079 1206 XOR
2 1 1206 1080 1207 XOR
2 1 1207 1081 1208 XOR
2 1 1208 1082 1209 XOR
2 1 1209 1083 1210 XOR
2 1 1210 1084 1211 XOR
2 1 1211 1085 1212 XOR
2 1 1212 1086 1213 XOR
2 1 1213 1087 1214 XOR
2 1 1214 1088 1215 XOR
2 1 1215 1089 1216 XOR
2 1 1216 1090 1217 XOR
2 1 1217 1091 1218 XOR
2 1 1218 1092 1219 XOR
2 1 1219 1093 1220 XOR
2 1 1220 1094 1221 XOR
2 1 1221 1095 1222 XOR
2 1 1222 1096 1223 XOR
2 1 1223 1097 1224 XOR
2 1 1224 1098 1225 XOR
2 1 1225 1099 1226 XOR
2 1 1226 1100 1227 XOR
2 1 1227 1101 1228 XOR
2 1 1228 1102 1229 XOR
2 1 1229 1103 1230 XOR
2 1 1230 1104 1231 XOR
2 1 1231 1105 1232 XOR
2 1 1232 1106 1233 XOR
2 1 1233 1107 1234 XOR
2 1 1234 1108 1235 XOR
2 1 1235 1109 1236 XOR
2 1 1236 1110 1237 XOR
2 1 1237 1111 1238 XOR
2 1 1238 1112 1239 XOR
2 1 1239 1113 1240 XOR
2 1 1240 1114 1241 XOR
2 1 1241 1115 1242 XOR
2 1 1242 1116 1243 XOR
2 1 1243 1117 1244 XOR
2 1 1244 1118 1245 XOR
2 1 1245 1119 1246 XOR
2 1 1246 1120 1247 XOR
2 1 1247 1121 1248 XOR
2 1 1248 1122 1249 XOR
2 1 1249 1123 1250 XOR
2 1 1250 1124 1251 XOR
2 1 1251 1125 1252 XOR
2 1 1252 1126 1253 XOR
2 1 1253 1127 1254 XOR
2 1 1254 1128 1255 XOR
2 1 1255 1129 1256 XOR
2 1 1256 1130 1257 XOR
2 1 1257 1131 1258 XOR
2 1 1258 1132 1259 XOR
2 1 1259 1133 1260 XOR
2 1 1260 1134 1261 XOR
2 1 1261 1135 1262 XOR
2 1 1262 1136 1263 XOR
2 1 1263 1137 1264 XOR
2 1 1264 1138 1265 XOR
2 1 1265 1139 1266 XOR
2 1 1266 1140 1267 XOR
2 1 1267 1141 1268 XOR
2 1 1268 1142 1269 XOR
2 1 1269 1143 1270 XOR
2 1 1270 1144 1271 XOR
2 1 1271 1145 1272 XOR
2 1 1272 1146 1273 XOR
2 1 1273 1147 1274 XOR
2 1 1274 1148 1275 XOR
2 1 1275 1149 1276 XOR
2 1 1276 1150 1277 XOR
2 1 1277 1151 1278 XOR
2 1 1278 1152 1279 XOR
2 1 1279 1153 1280 XOR
2 1 1280 1154 1281 XOR
2 1 1281 1155 1282 XOR
2 1 1282 1156 1283 XOR
2 1 1283 1157 1284 XOR
2 1 1284 1158 1285 XOR
2 1 1285 1159 1286 XOR
2 1 1286 1160 1287 XOR
2 1 1287 1161 1288 XOR
2 1 1288 1162 1289 XOR
2 1 1289 1163 1290 XOR
2 1 1290 1164 1291 XOR
2 1 1291 1165 1292 XOR
2 1 1292 1166 1293 XOR
2 1 1293 1167 1294 XOR
2 1 1294 1168 1295 XOR
2 1 1295 1169 1296 XOR
2 1 1296 1170 1297 XOR
2 1 1297 1171 1298 XOR
2 1 1298 1172 1299 XOR
2 1 1299 1173 1300 XOR
2 1 1300 1174 1301 XOR
2 1 1301 1175 1302 XOR
2 1 1302 1176 1303 XOR
2 1 1303 1177 1304 XOR
2 1 1304 1178 1305 XOR
2 1 1305 1179 1306 XOR
2 1 1306 1180 1307 XOR
2 1 1307 1181 1308 XOR
2 1 1308 1182 1309 XOR
2 1 1309 1183 1310 XOR
