2465 2721
4 64 64 64 64
1 128

2 1 0 128 256 AND
2 1 1 129 257 AND
2 1 2 130 258 AND
2 1 3 131 259 AND
2 1 4 132 260 AND
2 1 5 133 261 AND
2 1 6 134 262 AND
2 1 7 135 263 AND
2 1 8 136 264 AND
2 1 9 137 265 AND
2 1 10 138 266 AND
2 1 11 139 267 AND
2 1 12 140 268 AND
2 1 13 141 269 AND
2 1 14 142 270 AND
2 1 15 143 271 AND
2 1 16 144 272 AND
2 1 17 145 273 AND
2 1 18 146 274 AND
2 1 19 147 275 AND
2 1 20 148 276 AND
2 1 21 149 277 AND
2 1 22 150 278 AND
2 1 23 151 279 AND
2 1 24 152 280 AND
2 1 25 153 281 AND
2 1 26 154 282 AND
2 1 27 155 283 AND
2 1 28 156 284 AND
2 1 29 157 285 AND
2 1 30 158 286 AND
2 1 31 159 287 AND
2 1 32 160 288 AND
2 1 33 161 289 AND
2 1 34 162 290 AND
2 1 35 163 291 AND
2 1 36 164 292 AND
2 1 37 165 293 AND
2 1 38 166 294 AND
2 1 39 167 295 AND
2 1 40 168 296 AND
2 1 41 169 297 AND
2 1 42 170 298 AND
2 1 43 171 299 AND
2 1 44 172 300 AND
2 1 45 173 301 AND
2 1 46 174 302 AND
2 1 47 175 303 AND
2 1 48 176 304 AND
2 1 49 177 305 AND
2 1 50 178 306 AND
2 1 51 179 307 AND
2 1 52 180 308 AND
2 1 53 181 309 AND
2 1 54 182 310 AND
2 1 55 183 311 AND
2 1 56 184 312 AND
2 1 57 185 313 AND
2 1 58 186 314 AND
2 1 59 187 315 AND
2 1 60 188 316 AND
2 1 61 189 317 AND
2 1 62 190 318 AND
2 1 63 191 319 AND
2 1 64 192 320 AND
2 1 65 193 321 AND
2 1 66 194 322 AND
2 1 67 195 323 AND
2 1 68 196 324 AND
2 1 69 197 325 AND
2 1 70 198 326 AND
2 1 71 199 327 AND
2 1 72 200 328 AND
2 1 73 201 329 AND
2 1 74 202 330 AND
2 1 75 203 331 AND
2 1 76 204 332 AND
2 1 77 205 333 AND
2 1 78 206 334 AND
2 1 79 207 335 AND
2 1 80 208 336 AND
2 1 81 209 337 AND
2 1 82 210 338 AND
2 1 83 211 339 AND
2 1 84 212 340 AND
2 1 85 213 341 AND
2 1 86 214 342 AND
2 1 87 215 343 AND
2 1 88 216 344 AND
2 1 89 217 345 AND
2 1 90 218 346 AND
2 1 91 219 347 AND
2 1 92 220 348 AND
2 1 93 221 349 AND
2 1 94 222 350 AND
2 1 95 223 351 AND
2 1 96 224 352 AND
2 1 97 225 353 AND
2 1 98 226 354 AND
2 1 99 227 355 AND
2 1 100 228 356 AND
2 1 101 229 357 AND
2 1 102 230 358 AND
2 1 103 231 359 AND
2 1 104 232 360 AND
2 1 105 233 361 AND
2 1 106 234 362 AND
2 1 107 235 363 AND
2 1 108 236 364 AND
2 1 109 237 365 AND
2 1 110 238 366 AND
2 1 111 239 367 AND
2 1 112 240 368 AND
2 1 113 241 369 AND
2 1 114 242 370 AND
2 1 115 243 371 AND
2 1 116 244 372 AND
2 1 117 245 373 AND
2 1 118 246 374 AND
2 1 119 247 375 AND
2 1 120 248 376 AND
2 1 121 249 377 AND
2 1 122 250 378 AND
2 1 123 251 379 AND
2 1 124 252 380 AND
2 1 125 253 381 AND
2 1 126 254 382 AND
2 1 127 255 383 AND
2 1 0 128 384 XOR
2 1 1 129 385 XOR
2 1 2 130 386 XOR
2 1 3 131 387 XOR
2 1 4 132 388 XOR
2 1 5 133 389 XOR
2 1 6 134 390 XOR
2 1 7 135 391 XOR
2 1 8 136 392 XOR
2 1 9 137 393 XOR
2 1 10 138 394 XOR
2 1 11 139 395 XOR
2 1 12 140 396 XOR
2 1 13 141 397 XOR
2 1 14 142 398 XOR
2 1 15 143 399 XOR
2 1 16 144 400 XOR
2 1 17 145 401 XOR
2 1 18 146 402 XOR
2 1 19 147 403 XOR
2 1 20 148 404 XOR
2 1 21 149 405 XOR
2 1 22 150 406 XOR
2 1 23 151 407 XOR
2 1 24 152 408 XOR
2 1 25 153 409 XOR
2 1 26 154 410 XOR
2 1 27 155 411 XOR
2 1 28 156 412 XOR
2 1 29 157 413 XOR
2 1 30 158 414 XOR
2 1 31 159 415 XOR
2 1 32 160 416 XOR
2 1 33 161 417 XOR
2 1 34 162 418 XOR
2 1 35 163 419 XOR
2 1 36 164 420 XOR
2 1 37 165 421 XOR
2 1 38 166 422 XOR
2 1 39 167 423 XOR
2 1 40 168 424 XOR
2 1 41 169 425 XOR
2 1 42 170 426 XOR
2 1 43 171 427 XOR
2 1 44 172 428 XOR
2 1 45 173 429 XOR
2 1 46 174 430 XOR
2 1 47 175 431 XOR
2 1 48 176 432 XOR
2 1 49 177 433 XOR
2 1 50 178 434 XOR
2 1 51 179 435 XOR
2 1 52 180 436 XOR
2 1 53 181 437 XOR
2 1 54 182 438 XOR
2 1 55 183 439 XOR
2 1 56 184 440 XOR
2 1 57 185 441 XOR
2 1 58 186 442 XOR
2 1 59 187 443 XOR
2 1 60 188 444 XOR
2 1 61 189 445 XOR
2 1 62 190 446 XOR
2 1 63 191 447 XOR
2 1 64 192 448 XOR
2 1 65 193 449 XOR
2 1 66 194 450 XOR
2 1 67 195 451 XOR
2 1 68 196 452 XOR
2 1 69 197 453 XOR
2 1 70 198 454 XOR
2 1 71 199 455 XOR
2 1 72 200 456 XOR
2 1 73 201 457 XOR
2 1 74 202 458 XOR
2 1 75 203 459 XOR
2 1 76 204 460 XOR
2 1 77 205 461 XOR
2 1 78 206 462 XOR
2 1 79 207 463 XOR
2 1 80 208 464 XOR
2 1 81 209 465 XOR
2 1 82 210 466 XOR
2 1 83 211 467 XOR
2 1 84 212 468 XOR
2 1 85 213 469 XOR
2 1 86 214 470 XOR
2 1 87 215 471 XOR
2 1 88 216 472 XOR
2 1 89 217 473 XOR
2 1 90 218 474 XOR
2 1 91 219 475 XOR
2 1 92 220 476 XOR
2 1 93 221 477 XOR
2 1 94 222 478 XOR
2 1 95 223 479 XOR
2 1 96 224 480 XOR
2 1 97 225 481 XOR
2 1 98 226 482 XOR
2 1 99 227 483 XOR
2 1 100 228 484 XOR
2 1 101 229 485 XOR
2 1 102 230 486 XOR
2 1 103 231 487 XOR
2 1 104 232 488 XOR
2 1 105 233 489 XOR
2 1 106 234 490 XOR
2 1 107 235 491 XOR
2 1 108 236 492 XOR
2 1 109 237 493 XOR
2 1 110 238 494 XOR
2 1 111 239 495 XOR
2 1 112 240 496 XOR
2 1 113 241 497 XOR
2 1 114 242 498 XOR
2 1 115 243 499 XOR
2 1 116 244 500 XOR
2 1 117 245 501 XOR
2 1 118 246 502 XOR
2 1 119 247 503 XOR
2 1 120 248 504 XOR
2 1 121 249 505 XOR
2 1 122 250 506 XOR
2 1 123 251 507 XOR
2 1 124 252 508 XOR
2 1 125 253 509 XOR
2 1 126 254 510 XOR
2 1 127 255 511 XOR
2 1 511 382 512 AND
3 1 511 510 381 513 AND
2 1 512 513 514 XOR
4 1 511 510 509 380 515 AND
2 1 514 515 516 XOR
5 1 511 510 509 508 379 517 AND
2 1 516 517 518 XOR
6 1 511 510 509 508 507 378 519 AND
2 1 518 519 520 XOR
7 1 511 510 509 508 507 506 377 521 AND
2 1 520 521 522 XOR
8 1 511 510 509 508 507 506 505 376 523 AND
2 1 522 523 524 XOR
2 1 383 524 525 XOR
8 1 511 510 509 508 507 506 505 504 526 AND
2 1 510 381 527 AND
3 1 510 509 380 528 AND
2 1 527 528 529 XOR
4 1 510 509 508 379 530 AND
2 1 529 530 531 XOR
5 1 510 509 508 507 378 532 AND
2 1 531 532 533 XOR
6 1 510 509 508 507 506 377 534 AND
2 1 533 534 535 XOR
7 1 510 509 508 507 506 505 376 536 AND
2 1 535 536 537 XOR
2 1 382 537 538 XOR
7 1 510 509 508 507 506 505 504 539 AND
2 1 509 380 540 AND
3 1 509 508 379 541 AND
2 1 540 541 542 XOR
4 1 509 508 507 378 543 AND
2 1 542 543 544 XOR
5 1 509 508 507 506 377 545 AND
2 1 544 545 546 XOR
6 1 509 508 507 506 505 376 547 AND
2 1 546 547 548 XOR
2 1 381 548 549 XOR
6 1 509 508 507 506 505 504 550 AND
2 1 508 379 551 AND
3 1 508 507 378 552 AND
2 1 551 552 553 XOR
4 1 508 507 506 377 554 AND
2 1 553 554 555 XOR
5 1 508 507 506 505 376 556 AND
2 1 555 556 557 XOR
2 1 380 557 558 XOR
5 1 508 507 506 505 504 559 AND
2 1 507 378 560 AND
3 1 507 506 377 561 AND
2 1 560 561 562 XOR
4 1 507 506 505 376 563 AND
2 1 562 563 564 XOR
2 1 379 564 565 XOR
4 1 507 506 505 504 566 AND
2 1 506 377 567 AND
3 1 506 505 376 568 AND
2 1 567 568 569 XOR
2 1 378 569 570 XOR
3 1 506 505 504 571 AND
2 1 505 376 572 AND
2 1 377 572 573 XOR
2 1 505 504 574 AND
2 1 503 374 575 AND
3 1 503 502 373 576 AND
2 1 575 576 577 XOR
4 1 503 502 501 372 578 AND
2 1 577 578 579 XOR
5 1 503 502 501 500 371 580 AND
2 1 579 580 581 XOR
6 1 503 502 501 500 499 370 582 AND
2 1 581 582 583 XOR
7 1 503 502 501 500 499 498 369 584 AND
2 1 583 584 585 XOR
8 1 503 502 501 500 499 498 497 368 586 AND
2 1 585 586 587 XOR
2 1 375 587 588 XOR
8 1 503 502 501 500 499 498 497 496 589 AND
2 1 502 373 590 AND
3 1 502 501 372 591 AND
2 1 590 591 592 XOR
4 1 502 501 500 371 593 AND
2 1 592 593 594 XOR
5 1 502 501 500 499 370 595 AND
2 1 594 595 596 XOR
6 1 502 501 500 499 498 369 597 AND
2 1 596 597 598 XOR
7 1 502 501 500 499 498 497 368 599 AND
2 1 598 599 600 XOR
2 1 374 600 601 XOR
7 1 502 501 500 499 498 497 496 602 AND
2 1 501 372 603 AND
3 1 501 500 371 604 AND
2 1 603 604 605 XOR
4 1 501 500 499 370 606 AND
2 1 605 606 607 XOR
5 1 501 500 499 498 369 608 AND
2 1 607 608 609 XOR
6 1 501 500 499 498 497 368 610 AND
2 1 609 610 611 XOR
2 1 373 611 612 XOR
6 1 501 500 499 498 497 496 613 AND
2 1 500 371 614 AND
3 1 500 499 370 615 AND
2 1 614 615 616 XOR
4 1 500 499 498 369 617 AND
2 1 616 617 618 XOR
5 1 500 499 498 497 368 619 AND
2 1 618 619 620 XOR
2 1 372 620 621 XOR
5 1 500 499 498 497 496 622 AND
2 1 499 370 623 AND
3 1 499 498 369 624 AND
2 1 623 624 625 XOR
4 1 499 498 497 368 626 AND
2 1 625 626 627 XOR
2 1 371 627 628 XOR
4 1 499 498 497 496 629 AND
2 1 498 369 630 AND
3 1 498 497 368 631 AND
2 1 630 631 632 XOR
2 1 370 632 633 XOR
3 1 498 497 496 634 AND
2 1 497 368 635 AND
2 1 369 635 636 XOR
2 1 497 496 637 AND
2 1 495 366 638 AND
3 1 495 494 365 639 AND
2 1 638 639 640 XOR
4 1 495 494 493 364 641 AND
2 1 640 641 642 XOR
5 1 495 494 493 492 363 643 AND
2 1 642 643 644 XOR
6 1 495 494 493 492 491 362 645 AND
2 1 644 645 646 XOR
7 1 495 494 493 492 491 490 361 647 AND
2 1 646 647 648 XOR
8 1 495 494 493 492 491 490 489 360 649 AND
2 1 648 649 650 XOR
2 1 367 650 651 XOR
8 1 495 494 493 492 491 490 489 488 652 AND
2 1 494 365 653 AND
3 1 494 493 364 654 AND
2 1 653 654 655 XOR
4 1 494 493 492 363 656 AND
2 1 655 656 657 XOR
5 1 494 493 492 491 362 658 AND
2 1 657 658 659 XOR
6 1 494 493 492 491 490 361 660 AND
2 1 659 660 661 XOR
7 1 494 493 492 491 490 489 360 662 AND
2 1 661 662 663 XOR
2 1 366 663 664 XOR
7 1 494 493 492 491 490 489 488 665 AND
2 1 493 364 666 AND
3 1 493 492 363 667 AND
2 1 666 667 668 XOR
4 1 493 492 491 362 669 AND
2 1 668 669 670 XOR
5 1 493 492 491 490 361 671 AND
2 1 670 671 672 XOR
6 1 493 492 491 490 489 360 673 AND
2 1 672 673 674 XOR
2 1 365 674 675 XOR
6 1 493 492 491 490 489 488 676 AND
2 1 492 363 677 AND
3 1 492 491 362 678 AND
2 1 677 678 679 XOR
4 1 492 491 490 361 680 AND
2 1 679 680 681 XOR
5 1 492 491 490 489 360 682 AND
2 1 681 682 683 XOR
2 1 364 683 684 XOR
5 1 492 491 490 489 488 685 AND
2 1 491 362 686 AND
3 1 491 490 361 687 AND
2 1 686 687 688 XOR
4 1 491 490 489 360 689 AND
2 1 688 689 690 XOR
2 1 363 690 691 XOR
4 1 491 490 489 488 692 AND
2 1 490 361 693 AND
3 1 490 489 360 694 AND
2 1 693 694 695 XOR
2 1 362 695 696 XOR
3 1 490 489 488 697 AND
2 1 489 360 698 AND
2 1 361 698 699 XOR
2 1 489 488 700 AND
2 1 487 358 701 AND
3 1 487 486 357 702 AND
2 1 701 702 703 XOR
4 1 487 486 485 356 704 AND
2 1 703 704 705 XOR
5 1 487 486 485 484 355 706 AND
2 1 705 706 707 XOR
6 1 487 486 485 484 483 354 708 AND
2 1 707 708 709 XOR
7 1 487 486 485 484 483 482 353 710 AND
2 1 709 710 711 XOR
8 1 487 486 485 484 483 482 481 352 712 AND
2 1 711 712 713 XOR
2 1 359 713 714 XOR
8 1 487 486 485 484 483 482 481 480 715 AND
2 1 486 357 716 AND
3 1 486 485 356 717 AND
2 1 716 717 718 XOR
4 1 486 485 484 355 719 AND
2 1 718 719 720 XOR
5 1 486 485 484 483 354 721 AND
2 1 720 721 722 XOR
6 1 486 485 484 483 482 353 723 AND
2 1 722 723 724 XOR
7 1 486 485 484 483 482 481 352 725 AND
2 1 724 725 726 XOR
2 1 358 726 727 XOR
7 1 486 485 484 483 482 481 480 728 AND
2 1 485 356 729 AND
3 1 485 484 355 730 AND
2 1 729 730 731 XOR
4 1 485 484 483 354 732 AND
2 1 731 732 733 XOR
5 1 485 484 483 482 353 734 AND
2 1 733 734 735 XOR
6 1 485 484 483 482 481 352 736 AND
2 1 735 736 737 XOR
2 1 357 737 738 XOR
6 1 485 484 483 482 481 480 739 AND
2 1 484 355 740 AND
3 1 484 483 354 741 AND
2 1 740 741 742 XOR
4 1 484 483 482 353 743 AND
2 1 742 743 744 XOR
5 1 484 483 482 481 352 745 AND
2 1 744 745 746 XOR
2 1 356 746 747 XOR
5 1 484 483 482 481 480 748 AND
2 1 483 354 749 AND
3 1 483 482 353 750 AND
2 1 749 750 751 XOR
4 1 483 482 481 352 752 AND
2 1 751 752 753 XOR
2 1 355 753 754 XOR
4 1 483 482 481 480 755 AND
2 1 482 353 756 AND
3 1 482 481 352 757 AND
2 1 756 757 758 XOR
2 1 354 758 759 XOR
3 1 482 481 480 760 AND
2 1 481 352 761 AND
2 1 353 761 762 XOR
2 1 481 480 763 AND
2 1 479 350 764 AND
3 1 479 478 349 765 AND
2 1 764 765 766 XOR
4 1 479 478 477 348 767 AND
2 1 766 767 768 XOR
5 1 479 478 477 476 347 769 AND
2 1 768 769 770 XOR
6 1 479 478 477 476 475 346 771 AND
2 1 770 771 772 XOR
7 1 479 478 477 476 475 474 345 773 AND
2 1 772 773 774 XOR
8 1 479 478 477 476 475 474 473 344 775 AND
2 1 774 775 776 XOR
2 1 351 776 777 XOR
8 1 479 478 477 476 475 474 473 472 778 AND
2 1 478 349 779 AND
3 1 478 477 348 780 AND
2 1 779 780 781 XOR
4 1 478 477 476 347 782 AND
2 1 781 782 783 XOR
5 1 478 477 476 475 346 784 AND
2 1 783 784 785 XOR
6 1 478 477 476 475 474 345 786 AND
2 1 785 786 787 XOR
7 1 478 477 476 475 474 473 344 788 AND
2 1 787 788 789 XOR
2 1 350 789 790 XOR
7 1 478 477 476 475 474 473 472 791 AND
2 1 477 348 792 AND
3 1 477 476 347 793 AND
2 1 792 793 794 XOR
4 1 477 476 475 346 795 AND
2 1 794 795 796 XOR
5 1 477 476 475 474 345 797 AND
2 1 796 797 798 XOR
6 1 477 476 475 474 473 344 799 AND
2 1 798 799 800 XOR
2 1 349 800 801 XOR
6 1 477 476 475 474 473 472 802 AND
2 1 476 347 803 AND
3 1 476 475 346 804 AND
2 1 803 804 805 XOR
4 1 476 475 474 345 806 AND
2 1 805 806 807 XOR
5 1 476 475 474 473 344 808 AND
2 1 807 808 809 XOR
2 1 348 809 810 XOR
5 1 476 475 474 473 472 811 AND
2 1 475 346 812 AND
3 1 475 474 345 813 AND
2 1 812 813 814 XOR
4 1 475 474 473 344 815 AND
2 1 814 815 816 XOR
2 1 347 816 817 XOR
4 1 475 474 473 472 818 AND
2 1 474 345 819 AND
3 1 474 473 344 820 AND
2 1 819 820 821 XOR
2 1 346 821 822 XOR
3 1 474 473 472 823 AND
2 1 473 344 824 AND
2 1 345 824 825 XOR
2 1 473 472 826 AND
2 1 471 342 827 AND
3 1 471 470 341 828 AND
2 1 827 828 829 XOR
4 1 471 470 469 340 830 AND
2 1 829 830 831 XOR
5 1 471 470 469 468 339 832 AND
2 1 831 832 833 XOR
6 1 471 470 469 468 467 338 834 AND
2 1 833 834 835 XOR
7 1 471 470 469 468 467 466 337 836 AND
2 1 835 836 837 XOR
8 1 471 470 469 468 467 466 465 336 838 AND
2 1 837 838 839 XOR
2 1 343 839 840 XOR
8 1 471 470 469 468 467 466 465 464 841 AND
2 1 470 341 842 AND
3 1 470 469 340 843 AND
2 1 842 843 844 XOR
4 1 470 469 468 339 845 AND
2 1 844 845 846 XOR
5 1 470 469 468 467 338 847 AND
2 1 846 847 848 XOR
6 1 470 469 468 467 466 337 849 AND
2 1 848 849 850 XOR
7 1 470 469 468 467 466 465 336 851 AND
2 1 850 851 852 XOR
2 1 342 852 853 XOR
7 1 470 469 468 467 466 465 464 854 AND
2 1 469 340 855 AND
3 1 469 468 339 856 AND
2 1 855 856 857 XOR
4 1 469 468 467 338 858 AND
2 1 857 858 859 XOR
5 1 469 468 467 466 337 860 AND
2 1 859 860 861 XOR
6 1 469 468 467 466 465 336 862 AND
2 1 861 862 863 XOR
2 1 341 863 864 XOR
6 1 469 468 467 466 465 464 865 AND
2 1 468 339 866 AND
3 1 468 467 338 867 AND
2 1 866 867 868 XOR
4 1 468 467 466 337 869 AND
2 1 868 869 870 XOR
5 1 468 467 466 465 336 871 AND
2 1 870 871 872 XOR
2 1 340 872 873 XOR
5 1 468 467 466 465 464 874 AND
2 1 467 338 875 AND
3 1 467 466 337 876 AND
2 1 875 876 877 XOR
4 1 467 466 465 336 878 AND
2 1 877 878 879 XOR
2 1 339 879 880 XOR
4 1 467 466 465 464 881 AND
2 1 466 337 882 AND
3 1 466 465 336 883 AND
2 1 882 883 884 XOR
2 1 338 884 885 XOR
3 1 466 465 464 886 AND
2 1 465 336 887 AND
2 1 337 887 888 XOR
2 1 465 464 889 AND
2 1 463 334 890 AND
3 1 463 462 333 891 AND
2 1 890 891 892 XOR
4 1 463 462 461 332 893 AND
2 1 892 893 894 XOR
5 1 463 462 461 460 331 895 AND
2 1 894 895 896 XOR
6 1 463 462 461 460 459 330 897 AND
2 1 896 897 898 XOR
7 1 463 462 461 460 459 458 329 899 AND
2 1 898 899 900 XOR
8 1 463 462 461 460 459 458 457 328 901 AND
2 1 900 901 902 XOR
2 1 335 902 903 XOR
8 1 463 462 461 460 459 458 457 456 904 AND
2 1 462 333 905 AND
3 1 462 461 332 906 AND
2 1 905 906 907 XOR
4 1 462 461 460 331 908 AND
2 1 907 908 909 XOR
5 1 462 461 460 459 330 910 AND
2 1 909 910 911 XOR
6 1 462 461 460 459 458 329 912 AND
2 1 911 912 913 XOR
7 1 462 461 460 459 458 457 328 914 AND
2 1 913 914 915 XOR
2 1 334 915 916 XOR
7 1 462 461 460 459 458 457 456 917 AND
2 1 461 332 918 AND
3 1 461 460 331 919 AND
2 1 918 919 920 XOR
4 1 461 460 459 330 921 AND
2 1 920 921 922 XOR
5 1 461 460 459 458 329 923 AND
2 1 922 923 924 XOR
6 1 461 460 459 458 457 328 925 AND
2 1 924 925 926 XOR
2 1 333 926 927 XOR
6 1 461 460 459 458 457 456 928 AND
2 1 460 331 929 AND
3 1 460 459 330 930 AND
2 1 929 930 931 XOR
4 1 460 459 458 329 932 AND
2 1 931 932 933 XOR
5 1 460 459 458 457 328 934 AND
2 1 933 934 935 XOR
2 1 332 935 936 XOR
5 1 460 459 458 457 456 937 AND
2 1 459 330 938 AND
3 1 459 458 329 939 AND
2 1 938 939 940 XOR
4 1 459 458 457 328 941 AND
2 1 940 941 942 XOR
2 1 331 942 943 XOR
4 1 459 458 457 456 944 AND
2 1 458 329 945 AND
3 1 458 457 328 946 AND
2 1 945 946 947 XOR
2 1 330 947 948 XOR
3 1 458 457 456 949 AND
2 1 457 328 950 AND
2 1 329 950 951 XOR
2 1 457 456 952 AND
2 1 455 326 953 AND
3 1 455 454 325 954 AND
2 1 953 954 955 XOR
4 1 455 454 453 324 956 AND
2 1 955 956 957 XOR
5 1 455 454 453 452 323 958 AND
2 1 957 958 959 XOR
6 1 455 454 453 452 451 322 960 AND
2 1 959 960 961 XOR
7 1 455 454 453 452 451 450 321 962 AND
2 1 961 962 963 XOR
8 1 455 454 453 452 451 450 449 320 964 AND
2 1 963 964 965 XOR
2 1 327 965 966 XOR
8 1 455 454 453 452 451 450 449 448 967 AND
2 1 454 325 968 AND
3 1 454 453 324 969 AND
2 1 968 969 970 XOR
4 1 454 453 452 323 971 AND
2 1 970 971 972 XOR
5 1 454 453 452 451 322 973 AND
2 1 972 973 974 XOR
6 1 454 453 452 451 450 321 975 AND
2 1 974 975 976 XOR
7 1 454 453 452 451 450 449 320 977 AND
2 1 976 977 978 XOR
2 1 326 978 979 XOR
7 1 454 453 452 451 450 449 448 980 AND
2 1 453 324 981 AND
3 1 453 452 323 982 AND
2 1 981 982 983 XOR
4 1 453 452 451 322 984 AND
2 1 983 984 985 XOR
5 1 453 452 451 450 321 986 AND
2 1 985 986 987 XOR
6 1 453 452 451 450 449 320 988 AND
2 1 987 988 989 XOR
2 1 325 989 990 XOR
6 1 453 452 451 450 449 448 991 AND
2 1 452 323 992 AND
3 1 452 451 322 993 AND
2 1 992 993 994 XOR
4 1 452 451 450 321 995 AND
2 1 994 995 996 XOR
5 1 452 451 450 449 320 997 AND
2 1 996 997 998 XOR
2 1 324 998 999 XOR
5 1 452 451 450 449 448 1000 AND
2 1 451 322 1001 AND
3 1 451 450 321 1002 AND
2 1 1001 1002 1003 XOR
4 1 451 450 449 320 1004 AND
2 1 1003 1004 1005 XOR
2 1 323 1005 1006 XOR
4 1 451 450 449 448 1007 AND
2 1 450 321 1008 AND
3 1 450 449 320 1009 AND
2 1 1008 1009 1010 XOR
2 1 322 1010 1011 XOR
3 1 450 449 448 1012 AND
2 1 449 320 1013 AND
2 1 321 1013 1014 XOR
2 1 449 448 1015 AND
2 1 447 318 1016 AND
3 1 447 446 317 1017 AND
2 1 1016 1017 1018 XOR
4 1 447 446 445 316 1019 AND
2 1 1018 1019 1020 XOR
5 1 447 446 445 444 315 1021 AND
2 1 1020 1021 1022 XOR
6 1 447 446 445 444 443 314 1023 AND
2 1 1022 1023 1024 XOR
7 1 447 446 445 444 443 442 313 1025 AND
2 1 1024 1025 1026 XOR
8 1 447 446 445 444 443 442 441 312 1027 AND
2 1 1026 1027 1028 XOR
2 1 319 1028 1029 XOR
8 1 447 446 445 444 443 442 441 440 1030 AND
2 1 446 317 1031 AND
3 1 446 445 316 1032 AND
2 1 1031 1032 1033 XOR
4 1 446 445 444 315 1034 AND
2 1 1033 1034 1035 XOR
5 1 446 445 444 443 314 1036 AND
2 1 1035 1036 1037 XOR
6 1 446 445 444 443 442 313 1038 AND
2 1 1037 1038 1039 XOR
7 1 446 445 444 443 442 441 312 1040 AND
2 1 1039 1040 1041 XOR
2 1 318 1041 1042 XOR
7 1 446 445 444 443 442 441 440 1043 AND
2 1 445 316 1044 AND
3 1 445 444 315 1045 AND
2 1 1044 1045 1046 XOR
4 1 445 444 443 314 1047 AND
2 1 1046 1047 1048 XOR
5 1 445 444 443 442 313 1049 AND
2 1 1048 1049 1050 XOR
6 1 445 444 443 442 441 312 1051 AND
2 1 1050 1051 1052 XOR
2 1 317 1052 1053 XOR
6 1 445 444 443 442 441 440 1054 AND
2 1 444 315 1055 AND
3 1 444 443 314 1056 AND
2 1 1055 1056 1057 XOR
4 1 444 443 442 313 1058 AND
2 1 1057 1058 1059 XOR
5 1 444 443 442 441 312 1060 AND
2 1 1059 1060 1061 XOR
2 1 316 1061 1062 XOR
5 1 444 443 442 441 440 1063 AND
2 1 443 314 1064 AND
3 1 443 442 313 1065 AND
2 1 1064 1065 1066 XOR
4 1 443 442 441 312 1067 AND
2 1 1066 1067 1068 XOR
2 1 315 1068 1069 XOR
4 1 443 442 441 440 1070 AND
2 1 442 313 1071 AND
3 1 442 441 312 1072 AND
2 1 1071 1072 1073 XOR
2 1 314 1073 1074 XOR
3 1 442 441 440 1075 AND
2 1 441 312 1076 AND
2 1 313 1076 1077 XOR
2 1 441 440 1078 AND
2 1 439 310 1079 AND
3 1 439 438 309 1080 AND
2 1 1079 1080 1081 XOR
4 1 439 438 437 308 1082 AND
2 1 1081 1082 1083 XOR
5 1 439 438 437 436 307 1084 AND
2 1 1083 1084 1085 XOR
6 1 439 438 437 436 435 306 1086 AND
2 1 1085 1086 1087 XOR
7 1 439 438 437 436 435 434 305 1088 AND
2 1 1087 1088 1089 XOR
8 1 439 438 437 436 435 434 433 304 1090 AND
2 1 1089 1090 1091 XOR
2 1 311 1091 1092 XOR
8 1 439 438 437 436 435 434 433 432 1093 AND
2 1 438 309 1094 AND
3 1 438 437 308 1095 AND
2 1 1094 1095 1096 XOR
4 1 438 437 436 307 1097 AND
2 1 1096 1097 1098 XOR
5 1 438 437 436 435 306 1099 AND
2 1 1098 1099 1100 XOR
6 1 438 437 436 435 434 305 1101 AND
2 1 1100 1101 1102 XOR
7 1 438 437 436 435 434 433 304 1103 AND
2 1 1102 1103 1104 XOR
2 1 310 1104 1105 XOR
7 1 438 437 436 435 434 433 432 1106 AND
2 1 437 308 1107 AND
3 1 437 436 307 1108 AND
2 1 1107 1108 1109 XOR
4 1 437 436 435 306 1110 AND
2 1 1109 1110 1111 XOR
5 1 437 436 435 434 305 1112 AND
2 1 1111 1112 1113 XOR
6 1 437 436 435 434 433 304 1114 AND
2 1 1113 1114 1115 XOR
2 1 309 1115 1116 XOR
6 1 437 436 435 434 433 432 1117 AND
2 1 436 307 1118 AND
3 1 436 435 306 1119 AND
2 1 1118 1119 1120 XOR
4 1 436 435 434 305 1121 AND
2 1 1120 1121 1122 XOR
5 1 436 435 434 433 304 1123 AND
2 1 1122 1123 1124 XOR
2 1 308 1124 1125 XOR
5 1 436 435 434 433 432 1126 AND
2 1 435 306 1127 AND
3 1 435 434 305 1128 AND
2 1 1127 1128 1129 XOR
4 1 435 434 433 304 1130 AND
2 1 1129 1130 1131 XOR
2 1 307 1131 1132 XOR
4 1 435 434 433 432 1133 AND
2 1 434 305 1134 AND
3 1 434 433 304 1135 AND
2 1 1134 1135 1136 XOR
2 1 306 1136 1137 XOR
3 1 434 433 432 1138 AND
2 1 433 304 1139 AND
2 1 305 1139 1140 XOR
2 1 433 432 1141 AND
2 1 431 302 1142 AND
3 1 431 430 301 1143 AND
2 1 1142 1143 1144 XOR
4 1 431 430 429 300 1145 AND
2 1 1144 1145 1146 XOR
5 1 431 430 429 428 299 1147 AND
2 1 1146 1147 1148 XOR
6 1 431 430 429 428 427 298 1149 AND
2 1 1148 1149 1150 XOR
7 1 431 430 429 428 427 426 297 1151 AND
2 1 1150 1151 1152 XOR
8 1 431 430 429 428 427 426 425 296 1153 AND
2 1 1152 1153 1154 XOR
2 1 303 1154 1155 XOR
8 1 431 430 429 428 427 426 425 424 1156 AND
2 1 430 301 1157 AND
3 1 430 429 300 1158 AND
2 1 1157 1158 1159 XOR
4 1 430 429 428 299 1160 AND
2 1 1159 1160 1161 XOR
5 1 430 429 428 427 298 1162 AND
2 1 1161 1162 1163 XOR
6 1 430 429 428 427 426 297 1164 AND
2 1 1163 1164 1165 XOR
7 1 430 429 428 427 426 425 296 1166 AND
2 1 1165 1166 1167 XOR
2 1 302 1167 1168 XOR
7 1 430 429 428 427 426 425 424 1169 AND
2 1 429 300 1170 AND
3 1 429 428 299 1171 AND
2 1 1170 1171 1172 XOR
4 1 429 428 427 298 1173 AND
2 1 1172 1173 1174 XOR
5 1 429 428 427 426 297 1175 AND
2 1 1174 1175 1176 XOR
6 1 429 428 427 426 425 296 1177 AND
2 1 1176 1177 1178 XOR
2 1 301 1178 1179 XOR
6 1 429 428 427 426 425 424 1180 AND
2 1 428 299 1181 AND
3 1 428 427 298 1182 AND
2 1 1181 1182 1183 XOR
4 1 428 427 426 297 1184 AND
2 1 1183 1184 1185 XOR
5 1 428 427 426 425 296 1186 AND
2 1 1185 1186 1187 XOR
2 1 300 1187 1188 XOR
5 1 428 427 426 425 424 1189 AND
2 1 427 298 1190 AND
3 1 427 426 297 1191 AND
2 1 1190 1191 1192 XOR
4 1 427 426 425 296 1193 AND
2 1 1192 1193 1194 XOR
2 1 299 1194 1195 XOR
4 1 427 426 425 424 1196 AND
2 1 426 297 1197 AND
3 1 426 425 296 1198 AND
2 1 1197 1198 1199 XOR
2 1 298 1199 1200 XOR
3 1 426 425 424 1201 AND
2 1 425 296 1202 AND
2 1 297 1202 1203 XOR
2 1 425 424 1204 AND
2 1 423 294 1205 AND
3 1 423 422 293 1206 AND
2 1 1205 1206 1207 XOR
4 1 423 422 421 292 1208 AND
2 1 1207 1208 1209 XOR
5 1 423 422 421 420 291 1210 AND
2 1 1209 1210 1211 XOR
6 1 423 422 421 420 419 290 1212 AND
2 1 1211 1212 1213 XOR
7 1 423 422 421 420 419 418 289 1214 AND
2 1 1213 1214 1215 XOR
8 1 423 422 421 420 419 418 417 288 1216 AND
2 1 1215 1216 1217 XOR
2 1 295 1217 1218 XOR
8 1 423 422 421 420 419 418 417 416 1219 AND
2 1 422 293 1220 AND
3 1 422 421 292 1221 AND
2 1 1220 1221 1222 XOR
4 1 422 421 420 291 1223 AND
2 1 1222 1223 1224 XOR
5 1 422 421 420 419 290 1225 AND
2 1 1224 1225 1226 XOR
6 1 422 421 420 419 418 289 1227 AND
2 1 1226 1227 1228 XOR
7 1 422 421 420 419 418 417 288 1229 AND
2 1 1228 1229 1230 XOR
2 1 294 1230 1231 XOR
7 1 422 421 420 419 418 417 416 1232 AND
2 1 421 292 1233 AND
3 1 421 420 291 1234 AND
2 1 1233 1234 1235 XOR
4 1 421 420 419 290 1236 AND
2 1 1235 1236 1237 XOR
5 1 421 420 419 418 289 1238 AND
2 1 1237 1238 1239 XOR
6 1 421 420 419 418 417 288 1240 AND
2 1 1239 1240 1241 XOR
2 1 293 1241 1242 XOR
6 1 421 420 419 418 417 416 1243 AND
2 1 420 291 1244 AND
3 1 420 419 290 1245 AND
2 1 1244 1245 1246 XOR
4 1 420 419 418 289 1247 AND
2 1 1246 1247 1248 XOR
5 1 420 419 418 417 288 1249 AND
2 1 1248 1249 1250 XOR
2 1 292 1250 1251 XOR
5 1 420 419 418 417 416 1252 AND
2 1 419 290 1253 AND
3 1 419 418 289 1254 AND
2 1 1253 1254 1255 XOR
4 1 419 418 417 288 1256 AND
2 1 1255 1256 1257 XOR
2 1 291 1257 1258 XOR
4 1 419 418 417 416 1259 AND
2 1 418 289 1260 AND
3 1 418 417 288 1261 AND
2 1 1260 1261 1262 XOR
2 1 290 1262 1263 XOR
3 1 418 417 416 1264 AND
2 1 417 288 1265 AND
2 1 289 1265 1266 XOR
2 1 417 416 1267 AND
2 1 415 286 1268 AND
3 1 415 414 285 1269 AND
2 1 1268 1269 1270 XOR
4 1 415 414 413 284 1271 AND
2 1 1270 1271 1272 XOR
5 1 415 414 413 412 283 1273 AND
2 1 1272 1273 1274 XOR
6 1 415 414 413 412 411 282 1275 AND
2 1 1274 1275 1276 XOR
7 1 415 414 413 412 411 410 281 1277 AND
2 1 1276 1277 1278 XOR
8 1 415 414 413 412 411 410 409 280 1279 AND
2 1 1278 1279 1280 XOR
2 1 287 1280 1281 XOR
8 1 415 414 413 412 411 410 409 408 1282 AND
2 1 414 285 1283 AND
3 1 414 413 284 1284 AND
2 1 1283 1284 1285 XOR
4 1 414 413 412 283 1286 AND
2 1 1285 1286 1287 XOR
5 1 414 413 412 411 282 1288 AND
2 1 1287 1288 1289 XOR
6 1 414 413 412 411 410 281 1290 AND
2 1 1289 1290 1291 XOR
7 1 414 413 412 411 410 409 280 1292 AND
2 1 1291 1292 1293 XOR
2 1 286 1293 1294 XOR
7 1 414 413 412 411 410 409 408 1295 AND
2 1 413 284 1296 AND
3 1 413 412 283 1297 AND
2 1 1296 1297 1298 XOR
4 1 413 412 411 282 1299 AND
2 1 1298 1299 1300 XOR
5 1 413 412 411 410 281 1301 AND
2 1 1300 1301 1302 XOR
6 1 413 412 411 410 409 280 1303 AND
2 1 1302 1303 1304 XOR
2 1 285 1304 1305 XOR
6 1 413 412 411 410 409 408 1306 AND
2 1 412 283 1307 AND
3 1 412 411 282 1308 AND
2 1 1307 1308 1309 XOR
4 1 412 411 410 281 1310 AND
2 1 1309 1310 1311 XOR
5 1 412 411 410 409 280 1312 AND
2 1 1311 1312 1313 XOR
2 1 284 1313 1314 XOR
5 1 412 411 410 409 408 1315 AND
2 1 411 282 1316 AND
3 1 411 410 281 1317 AND
2 1 1316 1317 1318 XOR
4 1 411 410 409 280 1319 AND
2 1 1318 1319 1320 XOR
2 1 283 1320 1321 XOR
4 1 411 410 409 408 1322 AND
2 1 410 281 1323 AND
3 1 410 409 280 1324 AND
2 1 1323 1324 1325 XOR
2 1 282 1325 1326 XOR
3 1 410 409 408 1327 AND
2 1 409 280 1328 AND
2 1 281 1328 1329 XOR
2 1 409 408 1330 AND
2 1 407 278 1331 AND
3 1 407 406 277 1332 AND
2 1 1331 1332 1333 XOR
4 1 407 406 405 276 1334 AND
2 1 1333 1334 1335 XOR
5 1 407 406 405 404 275 1336 AND
2 1 1335 1336 1337 XOR
6 1 407 406 405 404 403 274 1338 AND
2 1 1337 1338 1339 XOR
7 1 407 406 405 404 403 402 273 1340 AND
2 1 1339 1340 1341 XOR
8 1 407 406 405 404 403 402 401 272 1342 AND
2 1 1341 1342 1343 XOR
2 1 279 1343 1344 XOR
8 1 407 406 405 404 403 402 401 400 1345 AND
2 1 406 277 1346 AND
3 1 406 405 276 1347 AND
2 1 1346 1347 1348 XOR
4 1 406 405 404 275 1349 AND
2 1 1348 1349 1350 XOR
5 1 406 405 404 403 274 1351 AND
2 1 1350 1351 1352 XOR
6 1 406 405 404 403 402 273 1353 AND
2 1 1352 1353 1354 XOR
7 1 406 405 404 403 402 401 272 1355 AND
2 1 1354 1355 1356 XOR
2 1 278 1356 1357 XOR
7 1 406 405 404 403 402 401 400 1358 AND
2 1 405 276 1359 AND
3 1 405 404 275 1360 AND
2 1 1359 1360 1361 XOR
4 1 405 404 403 274 1362 AND
2 1 1361 1362 1363 XOR
5 1 405 404 403 402 273 1364 AND
2 1 1363 1364 1365 XOR
6 1 405 404 403 402 401 272 1366 AND
2 1 1365 1366 1367 XOR
2 1 277 1367 1368 XOR
6 1 405 404 403 402 401 400 1369 AND
2 1 404 275 1370 AND
3 1 404 403 274 1371 AND
2 1 1370 1371 1372 XOR
4 1 404 403 402 273 1373 AND
2 1 1372 1373 1374 XOR
5 1 404 403 402 401 272 1375 AND
2 1 1374 1375 1376 XOR
2 1 276 1376 1377 XOR
5 1 404 403 402 401 400 1378 AND
2 1 403 274 1379 AND
3 1 403 402 273 1380 AND
2 1 1379 1380 1381 XOR
4 1 403 402 401 272 1382 AND
2 1 1381 1382 1383 XOR
2 1 275 1383 1384 XOR
4 1 403 402 401 400 1385 AND
2 1 402 273 1386 AND
3 1 402 401 272 1387 AND
2 1 1386 1387 1388 XOR
2 1 274 1388 1389 XOR
3 1 402 401 400 1390 AND
2 1 401 272 1391 AND
2 1 273 1391 1392 XOR
2 1 401 400 1393 AND
2 1 399 270 1394 AND
3 1 399 398 269 1395 AND
2 1 1394 1395 1396 XOR
4 1 399 398 397 268 1397 AND
2 1 1396 1397 1398 XOR
5 1 399 398 397 396 267 1399 AND
2 1 1398 1399 1400 XOR
6 1 399 398 397 396 395 266 1401 AND
2 1 1400 1401 1402 XOR
7 1 399 398 397 396 395 394 265 1403 AND
2 1 1402 1403 1404 XOR
8 1 399 398 397 396 395 394 393 264 1405 AND
2 1 1404 1405 1406 XOR
2 1 271 1406 1407 XOR
8 1 399 398 397 396 395 394 393 392 1408 AND
2 1 398 269 1409 AND
3 1 398 397 268 1410 AND
2 1 1409 1410 1411 XOR
4 1 398 397 396 267 1412 AND
2 1 1411 1412 1413 XOR
5 1 398 397 396 395 266 1414 AND
2 1 1413 1414 1415 XOR
6 1 398 397 396 395 394 265 1416 AND
2 1 1415 1416 1417 XOR
7 1 398 397 396 395 394 393 264 1418 AND
2 1 1417 1418 1419 XOR
2 1 270 1419 1420 XOR
7 1 398 397 396 395 394 393 392 1421 AND
2 1 397 268 1422 AND
3 1 397 396 267 1423 AND
2 1 1422 1423 1424 XOR
4 1 397 396 395 266 1425 AND
2 1 1424 1425 1426 XOR
5 1 397 396 395 394 265 1427 AND
2 1 1426 1427 1428 XOR
6 1 397 396 395 394 393 264 1429 AND
2 1 1428 1429 1430 XOR
2 1 269 1430 1431 XOR
6 1 397 396 395 394 393 392 1432 AND
2 1 396 267 1433 AND
3 1 396 395 266 1434 AND
2 1 1433 1434 1435 XOR
4 1 396 395 394 265 1436 AND
2 1 1435 1436 1437 XOR
5 1 396 395 394 393 264 1438 AND
2 1 1437 1438 1439 XOR
2 1 268 1439 1440 XOR
5 1 396 395 394 393 392 1441 AND
2 1 395 266 1442 AND
3 1 395 394 265 1443 AND
2 1 1442 1443 1444 XOR
4 1 395 394 393 264 1445 AND
2 1 1444 1445 1446 XOR
2 1 267 1446 1447 XOR
4 1 395 394 393 392 1448 AND
2 1 394 265 1449 AND
3 1 394 393 264 1450 AND
2 1 1449 1450 1451 XOR
2 1 266 1451 1452 XOR
3 1 394 393 392 1453 AND
2 1 393 264 1454 AND
2 1 265 1454 1455 XOR
2 1 393 392 1456 AND
2 1 391 262 1457 AND
3 1 391 390 261 1458 AND
2 1 1457 1458 1459 XOR
4 1 391 390 389 260 1460 AND
2 1 1459 1460 1461 XOR
5 1 391 390 389 388 259 1462 AND
2 1 1461 1462 1463 XOR
6 1 391 390 389 388 387 258 1464 AND
2 1 1463 1464 1465 XOR
7 1 391 390 389 388 387 386 257 1466 AND
2 1 1465 1466 1467 XOR
8 1 391 390 389 388 387 386 385 256 1468 AND
2 1 1467 1468 1469 XOR
2 1 263 1469 1470 XOR
2 1 390 261 1471 AND
3 1 390 389 260 1472 AND
2 1 1471 1472 1473 XOR
4 1 390 389 388 259 1474 AND
2 1 1473 1474 1475 XOR
5 1 390 389 388 387 258 1476 AND
2 1 1475 1476 1477 XOR
6 1 390 389 388 387 386 257 1478 AND
2 1 1477 1478 1479 XOR
7 1 390 389 388 387 386 385 256 1480 AND
2 1 1479 1480 1481 XOR
2 1 262 1481 1482 XOR
2 1 389 260 1483 AND
3 1 389 388 259 1484 AND
2 1 1483 1484 1485 XOR
4 1 389 388 387 258 1486 AND
2 1 1485 1486 1487 XOR
5 1 389 388 387 386 257 1488 AND
2 1 1487 1488 1489 XOR
6 1 389 388 387 386 385 256 1490 AND
2 1 1489 1490 1491 XOR
2 1 261 1491 1492 XOR
2 1 388 259 1493 AND
3 1 388 387 258 1494 AND
2 1 1493 1494 1495 XOR
4 1 388 387 386 257 1496 AND
2 1 1495 1496 1497 XOR
5 1 388 387 386 385 256 1498 AND
2 1 1497 1498 1499 XOR
2 1 260 1499 1500 XOR
2 1 387 258 1501 AND
3 1 387 386 257 1502 AND
2 1 1501 1502 1503 XOR
4 1 387 386 385 256 1504 AND
2 1 1503 1504 1505 XOR
2 1 259 1505 1506 XOR
2 1 386 257 1507 AND
3 1 386 385 256 1508 AND
2 1 1507 1508 1509 XOR
2 1 258 1509 1510 XOR
2 1 385 256 1511 AND
2 1 257 1511 1512 XOR
2 1 526 588 1513 AND
3 1 526 589 651 1514 AND
2 1 1513 1514 1515 XOR
4 1 526 589 652 714 1516 AND
2 1 1515 1516 1517 XOR
5 1 526 589 652 715 777 1518 AND
2 1 1517 1518 1519 XOR
6 1 526 589 652 715 778 840 1520 AND
2 1 1519 1520 1521 XOR
7 1 526 589 652 715 778 841 903 1522 AND
2 1 1521 1522 1523 XOR
8 1 526 589 652 715 778 841 904 966 1524 AND
2 1 1523 1524 1525 XOR
2 1 525 1525 1526 XOR
8 1 526 589 652 715 778 841 904 967 1527 AND
2 1 539 588 1528 AND
3 1 539 589 651 1529 AND
2 1 1528 1529 1530 XOR
4 1 539 589 652 714 1531 AND
2 1 1530 1531 1532 XOR
5 1 539 589 652 715 777 1533 AND
2 1 1532 1533 1534 XOR
6 1 539 589 652 715 778 840 1535 AND
2 1 1534 1535 1536 XOR
7 1 539 589 652 715 778 841 903 1537 AND
2 1 1536 1537 1538 XOR
8 1 539 589 652 715 778 841 904 966 1539 AND
2 1 1538 1539 1540 XOR
2 1 538 1540 1541 XOR
8 1 539 589 652 715 778 841 904 967 1542 AND
2 1 550 588 1543 AND
3 1 550 589 651 1544 AND
2 1 1543 1544 1545 XOR
4 1 550 589 652 714 1546 AND
2 1 1545 1546 1547 XOR
5 1 550 589 652 715 777 1548 AND
2 1 1547 1548 1549 XOR
6 1 550 589 652 715 778 840 1550 AND
2 1 1549 1550 1551 XOR
7 1 550 589 652 715 778 841 903 1552 AND
2 1 1551 1552 1553 XOR
8 1 550 589 652 715 778 841 904 966 1554 AND
2 1 1553 1554 1555 XOR
2 1 549 1555 1556 XOR
8 1 550 589 652 715 778 841 904 967 1557 AND
2 1 559 588 1558 AND
3 1 559 589 651 1559 AND
2 1 1558 1559 1560 XOR
4 1 559 589 652 714 1561 AND
2 1 1560 1561 1562 XOR
5 1 559 589 652 715 777 1563 AND
2 1 1562 1563 1564 XOR
6 1 559 589 652 715 778 840 1565 AND
2 1 1564 1565 1566 XOR
7 1 559 589 652 715 778 841 903 1567 AND
2 1 1566 1567 1568 XOR
8 1 559 589 652 715 778 841 904 966 1569 AND
2 1 1568 1569 1570 XOR
2 1 558 1570 1571 XOR
8 1 559 589 652 715 778 841 904 967 1572 AND
2 1 566 588 1573 AND
3 1 566 589 651 1574 AND
2 1 1573 1574 1575 XOR
4 1 566 589 652 714 1576 AND
2 1 1575 1576 1577 XOR
5 1 566 589 652 715 777 1578 AND
2 1 1577 1578 1579 XOR
6 1 566 589 652 715 778 840 1580 AND
2 1 1579 1580 1581 XOR
7 1 566 589 652 715 778 841 903 1582 AND
2 1 1581 1582 1583 XOR
8 1 566 589 652 715 778 841 904 966 1584 AND
2 1 1583 1584 1585 XOR
2 1 565 1585 1586 XOR
8 1 566 589 652 715 778 841 904 967 1587 AND
2 1 571 588 1588 AND
3 1 571 589 651 1589 AND
2 1 1588 1589 1590 XOR
4 1 571 589 652 714 1591 AND
2 1 1590 1591 1592 XOR
5 1 571 589 652 715 777 1593 AND
2 1 1592 1593 1594 XOR
6 1 571 589 652 715 778 840 1595 AND
2 1 1594 1595 1596 XOR
7 1 571 589 652 715 778 841 903 1597 AND
2 1 1596 1597 1598 XOR
8 1 571 589 652 715 778 841 904 966 1599 AND
2 1 1598 1599 1600 XOR
2 1 570 1600 1601 XOR
8 1 571 589 652 715 778 841 904 967 1602 AND
2 1 574 588 1603 AND
3 1 574 589 651 1604 AND
2 1 1603 1604 1605 XOR
4 1 574 589 652 714 1606 AND
2 1 1605 1606 1607 XOR
5 1 574 589 652 715 777 1608 AND
2 1 1607 1608 1609 XOR
6 1 574 589 652 715 778 840 1610 AND
2 1 1609 1610 1611 XOR
7 1 574 589 652 715 778 841 903 1612 AND
2 1 1611 1612 1613 XOR
8 1 574 589 652 715 778 841 904 966 1614 AND
2 1 1613 1614 1615 XOR
2 1 573 1615 1616 XOR
8 1 574 589 652 715 778 841 904 967 1617 AND
2 1 504 588 1618 AND
3 1 504 589 651 1619 AND
2 1 1618 1619 1620 XOR
4 1 504 589 652 714 1621 AND
2 1 1620 1621 1622 XOR
5 1 504 589 652 715 777 1623 AND
2 1 1622 1623 1624 XOR
6 1 504 589 652 715 778 840 1625 AND
2 1 1624 1625 1626 XOR
7 1 504 589 652 715 778 841 903 1627 AND
2 1 1626 1627 1628 XOR
8 1 504 589 652 715 778 841 904 966 1629 AND
2 1 1628 1629 1630 XOR
2 1 376 1630 1631 XOR
8 1 504 589 652 715 778 841 904 967 1632 AND
2 1 589 651 1633 AND
3 1 589 652 714 1634 AND
2 1 1633 1634 1635 XOR
4 1 589 652 715 777 1636 AND
2 1 1635 1636 1637 XOR
5 1 589 652 715 778 840 1638 AND
2 1 1637 1638 1639 XOR
6 1 589 652 715 778 841 903 1640 AND
2 1 1639 1640 1641 XOR
7 1 589 652 715 778 841 904 966 1642 AND
2 1 1641 1642 1643 XOR
2 1 588 1643 1644 XOR
7 1 589 652 715 778 841 904 967 1645 AND
2 1 602 651 1646 AND
3 1 602 652 714 1647 AND
2 1 1646 1647 1648 XOR
4 1 602 652 715 777 1649 AND
2 1 1648 1649 1650 XOR
5 1 602 652 715 778 840 1651 AND
2 1 1650 1651 1652 XOR
6 1 602 652 715 778 841 903 1653 AND
2 1 1652 1653 1654 XOR
7 1 602 652 715 778 841 904 966 1655 AND
2 1 1654 1655 1656 XOR
2 1 601 1656 1657 XOR
7 1 602 652 715 778 841 904 967 1658 AND
2 1 613 651 1659 AND
3 1 613 652 714 1660 AND
2 1 1659 1660 1661 XOR
4 1 613 652 715 777 1662 AND
2 1 1661 1662 1663 XOR
5 1 613 652 715 778 840 1664 AND
2 1 1663 1664 1665 XOR
6 1 613 652 715 778 841 903 1666 AND
2 1 1665 1666 1667 XOR
7 1 613 652 715 778 841 904 966 1668 AND
2 1 1667 1668 1669 XOR
2 1 612 1669 1670 XOR
7 1 613 652 715 778 841 904 967 1671 AND
2 1 622 651 1672 AND
3 1 622 652 714 1673 AND
2 1 1672 1673 1674 XOR
4 1 622 652 715 777 1675 AND
2 1 1674 1675 1676 XOR
5 1 622 652 715 778 840 1677 AND
2 1 1676 1677 1678 XOR
6 1 622 652 715 778 841 903 1679 AND
2 1 1678 1679 1680 XOR
7 1 622 652 715 778 841 904 966 1681 AND
2 1 1680 1681 1682 XOR
2 1 621 1682 1683 XOR
7 1 622 652 715 778 841 904 967 1684 AND
2 1 629 651 1685 AND
3 1 629 652 714 1686 AND
2 1 1685 1686 1687 XOR
4 1 629 652 715 777 1688 AND
2 1 1687 1688 1689 XOR
5 1 629 652 715 778 840 1690 AND
2 1 1689 1690 1691 XOR
6 1 629 652 715 778 841 903 1692 AND
2 1 1691 1692 1693 XOR
7 1 629 652 715 778 841 904 966 1694 AND
2 1 1693 1694 1695 XOR
2 1 628 1695 1696 XOR
7 1 629 652 715 778 841 904 967 1697 AND
2 1 634 651 1698 AND
3 1 634 652 714 1699 AND
2 1 1698 1699 1700 XOR
4 1 634 652 715 777 1701 AND
2 1 1700 1701 1702 XOR
5 1 634 652 715 778 840 1703 AND
2 1 1702 1703 1704 XOR
6 1 634 652 715 778 841 903 1705 AND
2 1 1704 1705 1706 XOR
7 1 634 652 715 778 841 904 966 1707 AND
2 1 1706 1707 1708 XOR
2 1 633 1708 1709 XOR
7 1 634 652 715 778 841 904 967 1710 AND
2 1 637 651 1711 AND
3 1 637 652 714 1712 AND
2 1 1711 1712 1713 XOR
4 1 637 652 715 777 1714 AND
2 1 1713 1714 1715 XOR
5 1 637 652 715 778 840 1716 AND
2 1 1715 1716 1717 XOR
6 1 637 652 715 778 841 903 1718 AND
2 1 1717 1718 1719 XOR
7 1 637 652 715 778 841 904 966 1720 AND
2 1 1719 1720 1721 XOR
2 1 636 1721 1722 XOR
7 1 637 652 715 778 841 904 967 1723 AND
2 1 496 651 1724 AND
3 1 496 652 714 1725 AND
2 1 1724 1725 1726 XOR
4 1 496 652 715 777 1727 AND
2 1 1726 1727 1728 XOR
5 1 496 652 715 778 840 1729 AND
2 1 1728 1729 1730 XOR
6 1 496 652 715 778 841 903 1731 AND
2 1 1730 1731 1732 XOR
7 1 496 652 715 778 841 904 966 1733 AND
2 1 1732 1733 1734 XOR
2 1 368 1734 1735 XOR
7 1 496 652 715 778 841 904 967 1736 AND
2 1 652 714 1737 AND
3 1 652 715 777 1738 AND
2 1 1737 1738 1739 XOR
4 1 652 715 778 840 1740 AND
2 1 1739 1740 1741 XOR
5 1 652 715 778 841 903 1742 AND
2 1 1741 1742 1743 XOR
6 1 652 715 778 841 904 966 1744 AND
2 1 1743 1744 1745 XOR
2 1 651 1745 1746 XOR
6 1 652 715 778 841 904 967 1747 AND
2 1 665 714 1748 AND
3 1 665 715 777 1749 AND
2 1 1748 1749 1750 XOR
4 1 665 715 778 840 1751 AND
2 1 1750 1751 1752 XOR
5 1 665 715 778 841 903 1753 AND
2 1 1752 1753 1754 XOR
6 1 665 715 778 841 904 966 1755 AND
2 1 1754 1755 1756 XOR
2 1 664 1756 1757 XOR
6 1 665 715 778 841 904 967 1758 AND
2 1 676 714 1759 AND
3 1 676 715 777 1760 AND
2 1 1759 1760 1761 XOR
4 1 676 715 778 840 1762 AND
2 1 1761 1762 1763 XOR
5 1 676 715 778 841 903 1764 AND
2 1 1763 1764 1765 XOR
6 1 676 715 778 841 904 966 1766 AND
2 1 1765 1766 1767 XOR
2 1 675 1767 1768 XOR
6 1 676 715 778 841 904 967 1769 AND
2 1 685 714 1770 AND
3 1 685 715 777 1771 AND
2 1 1770 1771 1772 XOR
4 1 685 715 778 840 1773 AND
2 1 1772 1773 1774 XOR
5 1 685 715 778 841 903 1775 AND
2 1 1774 1775 1776 XOR
6 1 685 715 778 841 904 966 1777 AND
2 1 1776 1777 1778 XOR
2 1 684 1778 1779 XOR
6 1 685 715 778 841 904 967 1780 AND
2 1 692 714 1781 AND
3 1 692 715 777 1782 AND
2 1 1781 1782 1783 XOR
4 1 692 715 778 840 1784 AND
2 1 1783 1784 1785 XOR
5 1 692 715 778 841 903 1786 AND
2 1 1785 1786 1787 XOR
6 1 692 715 778 841 904 966 1788 AND
2 1 1787 1788 1789 XOR
2 1 691 1789 1790 XOR
6 1 692 715 778 841 904 967 1791 AND
2 1 697 714 1792 AND
3 1 697 715 777 1793 AND
2 1 1792 1793 1794 XOR
4 1 697 715 778 840 1795 AND
2 1 1794 1795 1796 XOR
5 1 697 715 778 841 903 1797 AND
2 1 1796 1797 1798 XOR
6 1 697 715 778 841 904 966 1799 AND
2 1 1798 1799 1800 XOR
2 1 696 1800 1801 XOR
6 1 697 715 778 841 904 967 1802 AND
2 1 700 714 1803 AND
3 1 700 715 777 1804 AND
2 1 1803 1804 1805 XOR
4 1 700 715 778 840 1806 AND
2 1 1805 1806 1807 XOR
5 1 700 715 778 841 903 1808 AND
2 1 1807 1808 1809 XOR
6 1 700 715 778 841 904 966 1810 AND
2 1 1809 1810 1811 XOR
2 1 699 1811 1812 XOR
6 1 700 715 778 841 904 967 1813 AND
2 1 488 714 1814 AND
3 1 488 715 777 1815 AND
2 1 1814 1815 1816 XOR
4 1 488 715 778 840 1817 AND
2 1 1816 1817 1818 XOR
5 1 488 715 778 841 903 1819 AND
2 1 1818 1819 1820 XOR
6 1 488 715 778 841 904 966 1821 AND
2 1 1820 1821 1822 XOR
2 1 360 1822 1823 XOR
6 1 488 715 778 841 904 967 1824 AND
2 1 715 777 1825 AND
3 1 715 778 840 1826 AND
2 1 1825 1826 1827 XOR
4 1 715 778 841 903 1828 AND
2 1 1827 1828 1829 XOR
5 1 715 778 841 904 966 1830 AND
2 1 1829 1830 1831 XOR
2 1 714 1831 1832 XOR
5 1 715 778 841 904 967 1833 AND
2 1 728 777 1834 AND
3 1 728 778 840 1835 AND
2 1 1834 1835 1836 XOR
4 1 728 778 841 903 1837 AND
2 1 1836 1837 1838 XOR
5 1 728 778 841 904 966 1839 AND
2 1 1838 1839 1840 XOR
2 1 727 1840 1841 XOR
5 1 728 778 841 904 967 1842 AND
2 1 739 777 1843 AND
3 1 739 778 840 1844 AND
2 1 1843 1844 1845 XOR
4 1 739 778 841 903 1846 AND
2 1 1845 1846 1847 XOR
5 1 739 778 841 904 966 1848 AND
2 1 1847 1848 1849 XOR
2 1 738 1849 1850 XOR
5 1 739 778 841 904 967 1851 AND
2 1 748 777 1852 AND
3 1 748 778 840 1853 AND
2 1 1852 1853 1854 XOR
4 1 748 778 841 903 1855 AND
2 1 1854 1855 1856 XOR
5 1 748 778 841 904 966 1857 AND
2 1 1856 1857 1858 XOR
2 1 747 1858 1859 XOR
5 1 748 778 841 904 967 1860 AND
2 1 755 777 1861 AND
3 1 755 778 840 1862 AND
2 1 1861 1862 1863 XOR
4 1 755 778 841 903 1864 AND
2 1 1863 1864 1865 XOR
5 1 755 778 841 904 966 1866 AND
2 1 1865 1866 1867 XOR
2 1 754 1867 1868 XOR
5 1 755 778 841 904 967 1869 AND
2 1 760 777 1870 AND
3 1 760 778 840 1871 AND
2 1 1870 1871 1872 XOR
4 1 760 778 841 903 1873 AND
2 1 1872 1873 1874 XOR
5 1 760 778 841 904 966 1875 AND
2 1 1874 1875 1876 XOR
2 1 759 1876 1877 XOR
5 1 760 778 841 904 967 1878 AND
2 1 763 777 1879 AND
3 1 763 778 840 1880 AND
2 1 1879 1880 1881 XOR
4 1 763 778 841 903 1882 AND
2 1 1881 1882 1883 XOR
5 1 763 778 841 904 966 1884 AND
2 1 1883 1884 1885 XOR
2 1 762 1885 1886 XOR
5 1 763 778 841 904 967 1887 AND
2 1 480 777 1888 AND
3 1 480 778 840 1889 AND
2 1 1888 1889 1890 XOR
4 1 480 778 841 903 1891 AND
2 1 1890 1891 1892 XOR
5 1 480 778 841 904 966 1893 AND
2 1 1892 1893 1894 XOR
2 1 352 1894 1895 XOR
5 1 480 778 841 904 967 1896 AND
2 1 778 840 1897 AND
3 1 778 841 903 1898 AND
2 1 1897 1898 1899 XOR
4 1 778 841 904 966 1900 AND
2 1 1899 1900 1901 XOR
2 1 777 1901 1902 XOR
4 1 778 841 904 967 1903 AND
2 1 791 840 1904 AND
3 1 791 841 903 1905 AND
2 1 1904 1905 1906 XOR
4 1 791 841 904 966 1907 AND
2 1 1906 1907 1908 XOR
2 1 790 1908 1909 XOR
4 1 791 841 904 967 1910 AND
2 1 802 840 1911 AND
3 1 802 841 903 1912 AND
2 1 1911 1912 1913 XOR
4 1 802 841 904 966 1914 AND
2 1 1913 1914 1915 XOR
2 1 801 1915 1916 XOR
4 1 802 841 904 967 1917 AND
2 1 811 840 1918 AND
3 1 811 841 903 1919 AND
2 1 1918 1919 1920 XOR
4 1 811 841 904 966 1921 AND
2 1 1920 1921 1922 XOR
2 1 810 1922 1923 XOR
4 1 811 841 904 967 1924 AND
2 1 818 840 1925 AND
3 1 818 841 903 1926 AND
2 1 1925 1926 1927 XOR
4 1 818 841 904 966 1928 AND
2 1 1927 1928 1929 XOR
2 1 817 1929 1930 XOR
4 1 818 841 904 967 1931 AND
2 1 823 840 1932 AND
3 1 823 841 903 1933 AND
2 1 1932 1933 1934 XOR
4 1 823 841 904 966 1935 AND
2 1 1934 1935 1936 XOR
2 1 822 1936 1937 XOR
4 1 823 841 904 967 1938 AND
2 1 826 840 1939 AND
3 1 826 841 903 1940 AND
2 1 1939 1940 1941 XOR
4 1 826 841 904 966 1942 AND
2 1 1941 1942 1943 XOR
2 1 825 1943 1944 XOR
4 1 826 841 904 967 1945 AND
2 1 472 840 1946 AND
3 1 472 841 903 1947 AND
2 1 1946 1947 1948 XOR
4 1 472 841 904 966 1949 AND
2 1 1948 1949 1950 XOR
2 1 344 1950 1951 XOR
4 1 472 841 904 967 1952 AND
2 1 841 903 1953 AND
3 1 841 904 966 1954 AND
2 1 1953 1954 1955 XOR
2 1 840 1955 1956 XOR
3 1 841 904 967 1957 AND
2 1 854 903 1958 AND
3 1 854 904 966 1959 AND
2 1 1958 1959 1960 XOR
2 1 853 1960 1961 XOR
3 1 854 904 967 1962 AND
2 1 865 903 1963 AND
3 1 865 904 966 1964 AND
2 1 1963 1964 1965 XOR
2 1 864 1965 1966 XOR
3 1 865 904 967 1967 AND
2 1 874 903 1968 AND
3 1 874 904 966 1969 AND
2 1 1968 1969 1970 XOR
2 1 873 1970 1971 XOR
3 1 874 904 967 1972 AND
2 1 881 903 1973 AND
3 1 881 904 966 1974 AND
2 1 1973 1974 1975 XOR
2 1 880 1975 1976 XOR
3 1 881 904 967 1977 AND
2 1 886 903 1978 AND
3 1 886 904 966 1979 AND
2 1 1978 1979 1980 XOR
2 1 885 1980 1981 XOR
3 1 886 904 967 1982 AND
2 1 889 903 1983 AND
3 1 889 904 966 1984 AND
2 1 1983 1984 1985 XOR
2 1 888 1985 1986 XOR
3 1 889 904 967 1987 AND
2 1 464 903 1988 AND
3 1 464 904 966 1989 AND
2 1 1988 1989 1990 XOR
2 1 336 1990 1991 XOR
3 1 464 904 967 1992 AND
2 1 904 966 1993 AND
2 1 903 1993 1994 XOR
2 1 904 967 1995 AND
2 1 917 966 1996 AND
2 1 916 1996 1997 XOR
2 1 917 967 1998 AND
2 1 928 966 1999 AND
2 1 927 1999 2000 XOR
2 1 928 967 2001 AND
2 1 937 966 2002 AND
2 1 936 2002 2003 XOR
2 1 937 967 2004 AND
2 1 944 966 2005 AND
2 1 943 2005 2006 XOR
2 1 944 967 2007 AND
2 1 949 966 2008 AND
2 1 948 2008 2009 XOR
2 1 949 967 2010 AND
2 1 952 966 2011 AND
2 1 951 2011 2012 XOR
2 1 952 967 2013 AND
2 1 456 966 2014 AND
2 1 328 2014 2015 XOR
2 1 456 967 2016 AND
2 1 1030 1092 2017 AND
3 1 1030 1093 1155 2018 AND
2 1 2017 2018 2019 XOR
4 1 1030 1093 1156 1218 2020 AND
2 1 2019 2020 2021 XOR
5 1 1030 1093 1156 1219 1281 2022 AND
2 1 2021 2022 2023 XOR
6 1 1030 1093 1156 1219 1282 1344 2024 AND
2 1 2023 2024 2025 XOR
7 1 1030 1093 1156 1219 1282 1345 1407 2026 AND
2 1 2025 2026 2027 XOR
8 1 1030 1093 1156 1219 1282 1345 1408 1470 2028 AND
2 1 2027 2028 2029 XOR
2 1 1029 2029 2030 XOR
2 1 1043 1092 2031 AND
3 1 1043 1093 1155 2032 AND
2 1 2031 2032 2033 XOR
4 1 1043 1093 1156 1218 2034 AND
2 1 2033 2034 2035 XOR
5 1 1043 1093 1156 1219 1281 2036 AND
2 1 2035 2036 2037 XOR
6 1 1043 1093 1156 1219 1282 1344 2038 AND
2 1 2037 2038 2039 XOR
7 1 1043 1093 1156 1219 1282 1345 1407 2040 AND
2 1 2039 2040 2041 XOR
8 1 1043 1093 1156 1219 1282 1345 1408 1470 2042 AND
2 1 2041 2042 2043 XOR
2 1 1042 2043 2044 XOR
2 1 1054 1092 2045 AND
3 1 1054 1093 1155 2046 AND
2 1 2045 2046 2047 XOR
4 1 1054 1093 1156 1218 2048 AND
2 1 2047 2048 2049 XOR
5 1 1054 1093 1156 1219 1281 2050 AND
2 1 2049 2050 2051 XOR
6 1 1054 1093 1156 1219 1282 1344 2052 AND
2 1 2051 2052 2053 XOR
7 1 1054 1093 1156 1219 1282 1345 1407 2054 AND
2 1 2053 2054 2055 XOR
8 1 1054 1093 1156 1219 1282 1345 1408 1470 2056 AND
2 1 2055 2056 2057 XOR
2 1 1053 2057 2058 XOR
2 1 1063 1092 2059 AND
3 1 1063 1093 1155 2060 AND
2 1 2059 2060 2061 XOR
4 1 1063 1093 1156 1218 2062 AND
2 1 2061 2062 2063 XOR
5 1 1063 1093 1156 1219 1281 2064 AND
2 1 2063 2064 2065 XOR
6 1 1063 1093 1156 1219 1282 1344 2066 AND
2 1 2065 2066 2067 XOR
7 1 1063 1093 1156 1219 1282 1345 1407 2068 AND
2 1 2067 2068 2069 XOR
8 1 1063 1093 1156 1219 1282 1345 1408 1470 2070 AND
2 1 2069 2070 2071 XOR
2 1 1062 2071 2072 XOR
2 1 1070 1092 2073 AND
3 1 1070 1093 1155 2074 AND
2 1 2073 2074 2075 XOR
4 1 1070 1093 1156 1218 2076 AND
2 1 2075 2076 2077 XOR
5 1 1070 1093 1156 1219 1281 2078 AND
2 1 2077 2078 2079 XOR
6 1 1070 1093 1156 1219 1282 1344 2080 AND
2 1 2079 2080 2081 XOR
7 1 1070 1093 1156 1219 1282 1345 1407 2082 AND
2 1 2081 2082 2083 XOR
8 1 1070 1093 1156 1219 1282 1345 1408 1470 2084 AND
2 1 2083 2084 2085 XOR
2 1 1069 2085 2086 XOR
2 1 1075 1092 2087 AND
3 1 1075 1093 1155 2088 AND
2 1 2087 2088 2089 XOR
4 1 1075 1093 1156 1218 2090 AND
2 1 2089 2090 2091 XOR
5 1 1075 1093 1156 1219 1281 2092 AND
2 1 2091 2092 2093 XOR
6 1 1075 1093 1156 1219 1282 1344 2094 AND
2 1 2093 2094 2095 XOR
7 1 1075 1093 1156 1219 1282 1345 1407 2096 AND
2 1 2095 2096 2097 XOR
8 1 1075 1093 1156 1219 1282 1345 1408 1470 2098 AND
2 1 2097 2098 2099 XOR
2 1 1074 2099 2100 XOR
2 1 1078 1092 2101 AND
3 1 1078 1093 1155 2102 AND
2 1 2101 2102 2103 XOR
4 1 1078 1093 1156 1218 2104 AND
2 1 2103 2104 2105 XOR
5 1 1078 1093 1156 1219 1281 2106 AND
2 1 2105 2106 2107 XOR
6 1 1078 1093 1156 1219 1282 1344 2108 AND
2 1 2107 2108 2109 XOR
7 1 1078 1093 1156 1219 1282 1345 1407 2110 AND
2 1 2109 2110 2111 XOR
8 1 1078 1093 1156 1219 1282 1345 1408 1470 2112 AND
2 1 2111 2112 2113 XOR
2 1 1077 2113 2114 XOR
2 1 440 1092 2115 AND
3 1 440 1093 1155 2116 AND
2 1 2115 2116 2117 XOR
4 1 440 1093 1156 1218 2118 AND
2 1 2117 2118 2119 XOR
5 1 440 1093 1156 1219 1281 2120 AND
2 1 2119 2120 2121 XOR
6 1 440 1093 1156 1219 1282 1344 2122 AND
2 1 2121 2122 2123 XOR
7 1 440 1093 1156 1219 1282 1345 1407 2124 AND
2 1 2123 2124 2125 XOR
8 1 440 1093 1156 1219 1282 1345 1408 1470 2126 AND
2 1 2125 2126 2127 XOR
2 1 312 2127 2128 XOR
2 1 1093 1155 2129 AND
3 1 1093 1156 1218 2130 AND
2 1 2129 2130 2131 XOR
4 1 1093 1156 1219 1281 2132 AND
2 1 2131 2132 2133 XOR
5 1 1093 1156 1219 1282 1344 2134 AND
2 1 2133 2134 2135 XOR
6 1 1093 1156 1219 1282 1345 1407 2136 AND
2 1 2135 2136 2137 XOR
7 1 1093 1156 1219 1282 1345 1408 1470 2138 AND
2 1 2137 2138 2139 XOR
2 1 1092 2139 2140 XOR
2 1 1106 1155 2141 AND
3 1 1106 1156 1218 2142 AND
2 1 2141 2142 2143 XOR
4 1 1106 1156 1219 1281 2144 AND
2 1 2143 2144 2145 XOR
5 1 1106 1156 1219 1282 1344 2146 AND
2 1 2145 2146 2147 XOR
6 1 1106 1156 1219 1282 1345 1407 2148 AND
2 1 2147 2148 2149 XOR
7 1 1106 1156 1219 1282 1345 1408 1470 2150 AND
2 1 2149 2150 2151 XOR
2 1 1105 2151 2152 XOR
2 1 1117 1155 2153 AND
3 1 1117 1156 1218 2154 AND
2 1 2153 2154 2155 XOR
4 1 1117 1156 1219 1281 2156 AND
2 1 2155 2156 2157 XOR
5 1 1117 1156 1219 1282 1344 2158 AND
2 1 2157 2158 2159 XOR
6 1 1117 1156 1219 1282 1345 1407 2160 AND
2 1 2159 2160 2161 XOR
7 1 1117 1156 1219 1282 1345 1408 1470 2162 AND
2 1 2161 2162 2163 XOR
2 1 1116 2163 2164 XOR
2 1 1126 1155 2165 AND
3 1 1126 1156 1218 2166 AND
2 1 2165 2166 2167 XOR
4 1 1126 1156 1219 1281 2168 AND
2 1 2167 2168 2169 XOR
5 1 1126 1156 1219 1282 1344 2170 AND
2 1 2169 2170 2171 XOR
6 1 1126 1156 1219 1282 1345 1407 2172 AND
2 1 2171 2172 2173 XOR
7 1 1126 1156 1219 1282 1345 1408 1470 2174 AND
2 1 2173 2174 2175 XOR
2 1 1125 2175 2176 XOR
2 1 1133 1155 2177 AND
3 1 1133 1156 1218 2178 AND
2 1 2177 2178 2179 XOR
4 1 1133 1156 1219 1281 2180 AND
2 1 2179 2180 2181 XOR
5 1 1133 1156 1219 1282 1344 2182 AND
2 1 2181 2182 2183 XOR
6 1 1133 1156 1219 1282 1345 1407 2184 AND
2 1 2183 2184 2185 XOR
7 1 1133 1156 1219 1282 1345 1408 1470 2186 AND
2 1 2185 2186 2187 XOR
2 1 1132 2187 2188 XOR
2 1 1138 1155 2189 AND
3 1 1138 1156 1218 2190 AND
2 1 2189 2190 2191 XOR
4 1 1138 1156 1219 1281 2192 AND
2 1 2191 2192 2193 XOR
5 1 1138 1156 1219 1282 1344 2194 AND
2 1 2193 2194 2195 XOR
6 1 1138 1156 1219 1282 1345 1407 2196 AND
2 1 2195 2196 2197 XOR
7 1 1138 1156 1219 1282 1345 1408 1470 2198 AND
2 1 2197 2198 2199 XOR
2 1 1137 2199 2200 XOR
2 1 1141 1155 2201 AND
3 1 1141 1156 1218 2202 AND
2 1 2201 2202 2203 XOR
4 1 1141 1156 1219 1281 2204 AND
2 1 2203 2204 2205 XOR
5 1 1141 1156 1219 1282 1344 2206 AND
2 1 2205 2206 2207 XOR
6 1 1141 1156 1219 1282 1345 1407 2208 AND
2 1 2207 2208 2209 XOR
7 1 1141 1156 1219 1282 1345 1408 1470 2210 AND
2 1 2209 2210 2211 XOR
2 1 1140 2211 2212 XOR
2 1 432 1155 2213 AND
3 1 432 1156 1218 2214 AND
2 1 2213 2214 2215 XOR
4 1 432 1156 1219 1281 2216 AND
2 1 2215 2216 2217 XOR
5 1 432 1156 1219 1282 1344 2218 AND
2 1 2217 2218 2219 XOR
6 1 432 1156 1219 1282 1345 1407 2220 AND
2 1 2219 2220 2221 XOR
7 1 432 1156 1219 1282 1345 1408 1470 2222 AND
2 1 2221 2222 2223 XOR
2 1 304 2223 2224 XOR
2 1 1156 1218 2225 AND
3 1 1156 1219 1281 2226 AND
2 1 2225 2226 2227 XOR
4 1 1156 1219 1282 1344 2228 AND
2 1 2227 2228 2229 XOR
5 1 1156 1219 1282 1345 1407 2230 AND
2 1 2229 2230 2231 XOR
6 1 1156 1219 1282 1345 1408 1470 2232 AND
2 1 2231 2232 2233 XOR
2 1 1155 2233 2234 XOR
2 1 1169 1218 2235 AND
3 1 1169 1219 1281 2236 AND
2 1 2235 2236 2237 XOR
4 1 1169 1219 1282 1344 2238 AND
2 1 2237 2238 2239 XOR
5 1 1169 1219 1282 1345 1407 2240 AND
2 1 2239 2240 2241 XOR
6 1 1169 1219 1282 1345 1408 1470 2242 AND
2 1 2241 2242 2243 XOR
2 1 1168 2243 2244 XOR
2 1 1180 1218 2245 AND
3 1 1180 1219 1281 2246 AND
2 1 2245 2246 2247 XOR
4 1 1180 1219 1282 1344 2248 AND
2 1 2247 2248 2249 XOR
5 1 1180 1219 1282 1345 1407 2250 AND
2 1 2249 2250 2251 XOR
6 1 1180 1219 1282 1345 1408 1470 2252 AND
2 1 2251 2252 2253 XOR
2 1 1179 2253 2254 XOR
2 1 1189 1218 2255 AND
3 1 1189 1219 1281 2256 AND
2 1 2255 2256 2257 XOR
4 1 1189 1219 1282 1344 2258 AND
2 1 2257 2258 2259 XOR
5 1 1189 1219 1282 1345 1407 2260 AND
2 1 2259 2260 2261 XOR
6 1 1189 1219 1282 1345 1408 1470 2262 AND
2 1 2261 2262 2263 XOR
2 1 1188 2263 2264 XOR
2 1 1196 1218 2265 AND
3 1 1196 1219 1281 2266 AND
2 1 2265 2266 2267 XOR
4 1 1196 1219 1282 1344 2268 AND
2 1 2267 2268 2269 XOR
5 1 1196 1219 1282 1345 1407 2270 AND
2 1 2269 2270 2271 XOR
6 1 1196 1219 1282 1345 1408 1470 2272 AND
2 1 2271 2272 2273 XOR
2 1 1195 2273 2274 XOR
2 1 1201 1218 2275 AND
3 1 1201 1219 1281 2276 AND
2 1 2275 2276 2277 XOR
4 1 1201 1219 1282 1344 2278 AND
2 1 2277 2278 2279 XOR
5 1 1201 1219 1282 1345 1407 2280 AND
2 1 2279 2280 2281 XOR
6 1 1201 1219 1282 1345 1408 1470 2282 AND
2 1 2281 2282 2283 XOR
2 1 1200 2283 2284 XOR
2 1 1204 1218 2285 AND
3 1 1204 1219 1281 2286 AND
2 1 2285 2286 2287 XOR
4 1 1204 1219 1282 1344 2288 AND
2 1 2287 2288 2289 XOR
5 1 1204 1219 1282 1345 1407 2290 AND
2 1 2289 2290 2291 XOR
6 1 1204 1219 1282 1345 1408 1470 2292 AND
2 1 2291 2292 2293 XOR
2 1 1203 2293 2294 XOR
2 1 424 1218 2295 AND
3 1 424 1219 1281 2296 AND
2 1 2295 2296 2297 XOR
4 1 424 1219 1282 1344 2298 AND
2 1 2297 2298 2299 XOR
5 1 424 1219 1282 1345 1407 2300 AND
2 1 2299 2300 2301 XOR
6 1 424 1219 1282 1345 1408 1470 2302 AND
2 1 2301 2302 2303 XOR
2 1 296 2303 2304 XOR
2 1 1219 1281 2305 AND
3 1 1219 1282 1344 2306 AND
2 1 2305 2306 2307 XOR
4 1 1219 1282 1345 1407 2308 AND
2 1 2307 2308 2309 XOR
5 1 1219 1282 1345 1408 1470 2310 AND
2 1 2309 2310 2311 XOR
2 1 1218 2311 2312 XOR
2 1 1232 1281 2313 AND
3 1 1232 1282 1344 2314 AND
2 1 2313 2314 2315 XOR
4 1 1232 1282 1345 1407 2316 AND
2 1 2315 2316 2317 XOR
5 1 1232 1282 1345 1408 1470 2318 AND
2 1 2317 2318 2319 XOR
2 1 1231 2319 2320 XOR
2 1 1243 1281 2321 AND
3 1 1243 1282 1344 2322 AND
2 1 2321 2322 2323 XOR
4 1 1243 1282 1345 1407 2324 AND
2 1 2323 2324 2325 XOR
5 1 1243 1282 1345 1408 1470 2326 AND
2 1 2325 2326 2327 XOR
2 1 1242 2327 2328 XOR
2 1 1252 1281 2329 AND
3 1 1252 1282 1344 2330 AND
2 1 2329 2330 2331 XOR
4 1 1252 1282 1345 1407 2332 AND
2 1 2331 2332 2333 XOR
5 1 1252 1282 1345 1408 1470 2334 AND
2 1 2333 2334 2335 XOR
2 1 1251 2335 2336 XOR
2 1 1259 1281 2337 AND
3 1 1259 1282 1344 2338 AND
2 1 2337 2338 2339 XOR
4 1 1259 1282 1345 1407 2340 AND
2 1 2339 2340 2341 XOR
5 1 1259 1282 1345 1408 1470 2342 AND
2 1 2341 2342 2343 XOR
2 1 1258 2343 2344 XOR
2 1 1264 1281 2345 AND
3 1 1264 1282 1344 2346 AND
2 1 2345 2346 2347 XOR
4 1 1264 1282 1345 1407 2348 AND
2 1 2347 2348 2349 XOR
5 1 1264 1282 1345 1408 1470 2350 AND
2 1 2349 2350 2351 XOR
2 1 1263 2351 2352 XOR
2 1 1267 1281 2353 AND
3 1 1267 1282 1344 2354 AND
2 1 2353 2354 2355 XOR
4 1 1267 1282 1345 1407 2356 AND
2 1 2355 2356 2357 XOR
5 1 1267 1282 1345 1408 1470 2358 AND
2 1 2357 2358 2359 XOR
2 1 1266 2359 2360 XOR
2 1 416 1281 2361 AND
3 1 416 1282 1344 2362 AND
2 1 2361 2362 2363 XOR
4 1 416 1282 1345 1407 2364 AND
2 1 2363 2364 2365 XOR
5 1 416 1282 1345 1408 1470 2366 AND
2 1 2365 2366 2367 XOR
2 1 288 2367 2368 XOR
2 1 1282 1344 2369 AND
3 1 1282 1345 1407 2370 AND
2 1 2369 2370 2371 XOR
4 1 1282 1345 1408 1470 2372 AND
2 1 2371 2372 2373 XOR
2 1 1281 2373 2374 XOR
2 1 1295 1344 2375 AND
3 1 1295 1345 1407 2376 AND
2 1 2375 2376 2377 XOR
4 1 1295 1345 1408 1470 2378 AND
2 1 2377 2378 2379 XOR
2 1 1294 2379 2380 XOR
2 1 1306 1344 2381 AND
3 1 1306 1345 1407 2382 AND
2 1 2381 2382 2383 XOR
4 1 1306 1345 1408 1470 2384 AND
2 1 2383 2384 2385 XOR
2 1 1305 2385 2386 XOR
2 1 1315 1344 2387 AND
3 1 1315 1345 1407 2388 AND
2 1 2387 2388 2389 XOR
4 1 1315 1345 1408 1470 2390 AND
2 1 2389 2390 2391 XOR
2 1 1314 2391 2392 XOR
2 1 1322 1344 2393 AND
3 1 1322 1345 1407 2394 AND
2 1 2393 2394 2395 XOR
4 1 1322 1345 1408 1470 2396 AND
2 1 2395 2396 2397 XOR
2 1 1321 2397 2398 XOR
2 1 1327 1344 2399 AND
3 1 1327 1345 1407 2400 AND
2 1 2399 2400 2401 XOR
4 1 1327 1345 1408 1470 2402 AND
2 1 2401 2402 2403 XOR
2 1 1326 2403 2404 XOR
2 1 1330 1344 2405 AND
3 1 1330 1345 1407 2406 AND
2 1 2405 2406 2407 XOR
4 1 1330 1345 1408 1470 2408 AND
2 1 2407 2408 2409 XOR
2 1 1329 2409 2410 XOR
2 1 408 1344 2411 AND
3 1 408 1345 1407 2412 AND
2 1 2411 2412 2413 XOR
4 1 408 1345 1408 1470 2414 AND
2 1 2413 2414 2415 XOR
2 1 280 2415 2416 XOR
2 1 1345 1407 2417 AND
3 1 1345 1408 1470 2418 AND
2 1 2417 2418 2419 XOR
2 1 1344 2419 2420 XOR
2 1 1358 1407 2421 AND
3 1 1358 1408 1470 2422 AND
2 1 2421 2422 2423 XOR
2 1 1357 2423 2424 XOR
2 1 1369 1407 2425 AND
3 1 1369 1408 1470 2426 AND
2 1 2425 2426 2427 XOR
2 1 1368 2427 2428 XOR
2 1 1378 1407 2429 AND
3 1 1378 1408 1470 2430 AND
2 1 2429 2430 2431 XOR
2 1 1377 2431 2432 XOR
2 1 1385 1407 2433 AND
3 1 1385 1408 1470 2434 AND
2 1 2433 2434 2435 XOR
2 1 1384 2435 2436 XOR
2 1 1390 1407 2437 AND
3 1 1390 1408 1470 2438 AND
2 1 2437 2438 2439 XOR
2 1 1389 2439 2440 XOR
2 1 1393 1407 2441 AND
3 1 1393 1408 1470 2442 AND
2 1 2441 2442 2443 XOR
2 1 1392 2443 2444 XOR
2 1 400 1407 2445 AND
3 1 400 1408 1470 2446 AND
2 1 2445 2446 2447 XOR
2 1 272 2447 2448 XOR
2 1 1408 1470 2449 AND
2 1 1407 2449 2450 XOR
2 1 1421 1470 2451 AND
2 1 1420 2451 2452 XOR
2 1 1432 1470 2453 AND
2 1 1431 2453 2454 XOR
2 1 1441 1470 2455 AND
2 1 1440 2455 2456 XOR
2 1 1448 1470 2457 AND
2 1 1447 2457 2458 XOR
2 1 1453 1470 2459 AND
2 1 1452 2459 2460 XOR
2 1 1456 1470 2461 AND
2 1 1455 2461 2462 XOR
2 1 392 1470 2463 AND
2 1 264 2463 2464 XOR
2 1 1527 2030 2465 AND
2 1 1526 2465 2466 XOR
2 1 1542 2030 2467 AND
2 1 1541 2467 2468 XOR
2 1 1557 2030 2469 AND
2 1 1556 2469 2470 XOR
2 1 1572 2030 2471 AND
2 1 1571 2471 2472 XOR
2 1 1587 2030 2473 AND
2 1 1586 2473 2474 XOR
2 1 1602 2030 2475 AND
2 1 1601 2475 2476 XOR
2 1 1617 2030 2477 AND
2 1 1616 2477 2478 XOR
2 1 1632 2030 2479 AND
2 1 1631 2479 2480 XOR
2 1 1645 2030 2481 AND
2 1 1644 2481 2482 XOR
2 1 1658 2030 2483 AND
2 1 1657 2483 2484 XOR
2 1 1671 2030 2485 AND
2 1 1670 2485 2486 XOR
2 1 1684 2030 2487 AND
2 1 1683 2487 2488 XOR
2 1 1697 2030 2489 AND
2 1 1696 2489 2490 XOR
2 1 1710 2030 2491 AND
2 1 1709 2491 2492 XOR
2 1 1723 2030 2493 AND
2 1 1722 2493 2494 XOR
2 1 1736 2030 2495 AND
2 1 1735 2495 2496 XOR
2 1 1747 2030 2497 AND
2 1 1746 2497 2498 XOR
2 1 1758 2030 2499 AND
2 1 1757 2499 2500 XOR
2 1 1769 2030 2501 AND
2 1 1768 2501 2502 XOR
2 1 1780 2030 2503 AND
2 1 1779 2503 2504 XOR
2 1 1791 2030 2505 AND
2 1 1790 2505 2506 XOR
2 1 1802 2030 2507 AND
2 1 1801 2507 2508 XOR
2 1 1813 2030 2509 AND
2 1 1812 2509 2510 XOR
2 1 1824 2030 2511 AND
2 1 1823 2511 2512 XOR
2 1 1833 2030 2513 AND
2 1 1832 2513 2514 XOR
2 1 1842 2030 2515 AND
2 1 1841 2515 2516 XOR
2 1 1851 2030 2517 AND
2 1 1850 2517 2518 XOR
2 1 1860 2030 2519 AND
2 1 1859 2519 2520 XOR
2 1 1869 2030 2521 AND
2 1 1868 2521 2522 XOR
2 1 1878 2030 2523 AND
2 1 1877 2523 2524 XOR
2 1 1887 2030 2525 AND
2 1 1886 2525 2526 XOR
2 1 1896 2030 2527 AND
2 1 1895 2527 2528 XOR
2 1 1903 2030 2529 AND
2 1 1902 2529 2530 XOR
2 1 1910 2030 2531 AND
2 1 1909 2531 2532 XOR
2 1 1917 2030 2533 AND
2 1 1916 2533 2534 XOR
2 1 1924 2030 2535 AND
2 1 1923 2535 2536 XOR
2 1 1931 2030 2537 AND
2 1 1930 2537 2538 XOR
2 1 1938 2030 2539 AND
2 1 1937 2539 2540 XOR
2 1 1945 2030 2541 AND
2 1 1944 2541 2542 XOR
2 1 1952 2030 2543 AND
2 1 1951 2543 2544 XOR
2 1 1957 2030 2545 AND
2 1 1956 2545 2546 XOR
2 1 1962 2030 2547 AND
2 1 1961 2547 2548 XOR
2 1 1967 2030 2549 AND
2 1 1966 2549 2550 XOR
2 1 1972 2030 2551 AND
2 1 1971 2551 2552 XOR
2 1 1977 2030 2553 AND
2 1 1976 2553 2554 XOR
2 1 1982 2030 2555 AND
2 1 1981 2555 2556 XOR
2 1 1987 2030 2557 AND
2 1 1986 2557 2558 XOR
2 1 1992 2030 2559 AND
2 1 1991 2559 2560 XOR
2 1 1995 2030 2561 AND
2 1 1994 2561 2562 XOR
2 1 1998 2030 2563 AND
2 1 1997 2563 2564 XOR
2 1 2001 2030 2565 AND
2 1 2000 2565 2566 XOR
2 1 2004 2030 2567 AND
2 1 2003 2567 2568 XOR
2 1 2007 2030 2569 AND
2 1 2006 2569 2570 XOR
2 1 2010 2030 2571 AND
2 1 2009 2571 2572 XOR
2 1 2013 2030 2573 AND
2 1 2012 2573 2574 XOR
2 1 2016 2030 2575 AND
2 1 2015 2575 2576 XOR
2 1 967 2030 2577 AND
2 1 966 2577 2578 XOR
2 1 980 2030 2579 AND
2 1 979 2579 2580 XOR
2 1 991 2030 2581 AND
2 1 990 2581 2582 XOR
2 1 1000 2030 2583 AND
2 1 999 2583 2584 XOR
2 1 1007 2030 2585 AND
2 1 1006 2585 2586 XOR
2 1 1012 2030 2587 AND
2 1 1011 2587 2588 XOR
2 1 1015 2030 2589 AND
2 1 1014 2589 2590 XOR
2 1 448 2030 2591 AND
2 1 320 2591 2592 XOR
1 1 384 2593 EQW
2 1 385 256 2594 XOR
2 1 386 1512 2595 XOR
2 1 387 1510 2596 XOR
2 1 388 1506 2597 XOR
2 1 389 1500 2598 XOR
2 1 390 1492 2599 XOR
2 1 391 1482 2600 XOR
2 1 392 1470 2601 XOR
2 1 393 2464 2602 XOR
2 1 394 2462 2603 XOR
2 1 395 2460 2604 XOR
2 1 396 2458 2605 XOR
2 1 397 2456 2606 XOR
2 1 398 2454 2607 XOR
2 1 399 2452 2608 XOR
2 1 400 2450 2609 XOR
2 1 401 2448 2610 XOR
2 1 402 2444 2611 XOR
2 1 403 2440 2612 XOR
2 1 404 2436 2613 XOR
2 1 405 2432 2614 XOR
2 1 406 2428 2615 XOR
2 1 407 2424 2616 XOR
2 1 408 2420 2617 XOR
2 1 409 2416 2618 XOR
2 1 410 2410 2619 XOR
2 1 411 2404 2620 XOR
2 1 412 2398 2621 XOR
2 1 413 2392 2622 XOR
2 1 414 2386 2623 XOR
2 1 415 2380 2624 XOR
2 1 416 2374 2625 XOR
2 1 417 2368 2626 XOR
2 1 418 2360 2627 XOR
2 1 419 2352 2628 XOR
2 1 420 2344 2629 XOR
2 1 421 2336 2630 XOR
2 1 422 2328 2631 XOR
2 1 423 2320 2632 XOR
2 1 424 2312 2633 XOR
2 1 425 2304 2634 XOR
2 1 426 2294 2635 XOR
2 1 427 2284 2636 XOR
2 1 428 2274 2637 XOR
2 1 429 2264 2638 XOR
2 1 430 2254 2639 XOR
2 1 431 2244 2640 XOR
2 1 432 2234 2641 XOR
2 1 433 2224 2642 XOR
2 1 434 2212 2643 XOR
2 1 435 2200 2644 XOR
2 1 436 2188 2645 XOR
2 1 437 2176 2646 XOR
2 1 438 2164 2647 XOR
2 1 439 2152 2648 XOR
2 1 440 2140 2649 XOR
2 1 441 2128 2650 XOR
2 1 442 2114 2651 XOR
2 1 443 2100 2652 XOR
2 1 444 2086 2653 XOR
2 1 445 2072 2654 XOR
2 1 446 2058 2655 XOR
2 1 447 2044 2656 XOR
2 1 448 2030 2657 XOR
2 1 449 2592 2658 XOR
2 1 450 2590 2659 XOR
2 1 451 2588 2660 XOR
2 1 452 2586 2661 XOR
2 1 453 2584 2662 XOR
2 1 454 2582 2663 XOR
2 1 455 2580 2664 XOR
2 1 456 2578 2665 XOR
2 1 457 2576 2666 XOR
2 1 458 2574 2667 XOR
2 1 459 2572 2668 XOR
2 1 460 2570 2669 XOR
2 1 461 2568 2670 XOR
2 1 462 2566 2671 XOR
2 1 463 2564 2672 XOR
2 1 464 2562 2673 XOR
2 1 465 2560 2674 XOR
2 1 466 2558 2675 XOR
2 1 467 2556 2676 XOR
2 1 468 2554 2677 XOR
2 1 469 2552 2678 XOR
2 1 470 2550 2679 XOR
2 1 471 2548 2680 XOR
2 1 472 2546 2681 XOR
2 1 473 2544 2682 XOR
2 1 474 2542 2683 XOR
2 1 475 2540 2684 XOR
2 1 476 2538 2685 XOR
2 1 477 2536 2686 XOR
2 1 478 2534 2687 XOR
2 1 479 2532 2688 XOR
2 1 480 2530 2689 XOR
2 1 481 2528 2690 XOR
2 1 482 2526 2691 XOR
2 1 483 2524 2692 XOR
2 1 484 2522 2693 XOR
2 1 485 2520 2694 XOR
2 1 486 2518 2695 XOR
2 1 487 2516 2696 XOR
2 1 488 2514 2697 XOR
2 1 489 2512 2698 XOR
2 1 490 2510 2699 XOR
2 1 491 2508 2700 XOR
2 1 492 2506 2701 XOR
2 1 493 2504 2702 XOR
2 1 494 2502 2703 XOR
2 1 495 2500 2704 XOR
2 1 496 2498 2705 XOR
2 1 497 2496 2706 XOR
2 1 498 2494 2707 XOR
2 1 499 2492 2708 XOR
2 1 500 2490 2709 XOR
2 1 501 2488 2710 XOR
2 1 502 2486 2711 XOR
2 1 503 2484 2712 XOR
2 1 504 2482 2713 XOR
2 1 505 2480 2714 XOR
2 1 506 2478 2715 XOR
2 1 507 2476 2716 XOR
2 1 508 2474 2717 XOR
2 1 509 2472 2718 XOR
2 1 510 2470 2719 XOR
2 1 511 2468 2720 XOR
