1137 1265
2 64 64
1 64

2 1 0 64 128 AND
2 1 1 65 129 AND
2 1 2 66 130 AND
2 1 3 67 131 AND
2 1 4 68 132 AND
2 1 5 69 133 AND
2 1 6 70 134 AND
2 1 7 71 135 AND
2 1 8 72 136 AND
2 1 9 73 137 AND
2 1 10 74 138 AND
2 1 11 75 139 AND
2 1 12 76 140 AND
2 1 13 77 141 AND
2 1 14 78 142 AND
2 1 15 79 143 AND
2 1 16 80 144 AND
2 1 17 81 145 AND
2 1 18 82 146 AND
2 1 19 83 147 AND
2 1 20 84 148 AND
2 1 21 85 149 AND
2 1 22 86 150 AND
2 1 23 87 151 AND
2 1 24 88 152 AND
2 1 25 89 153 AND
2 1 26 90 154 AND
2 1 27 91 155 AND
2 1 28 92 156 AND
2 1 29 93 157 AND
2 1 30 94 158 AND
2 1 31 95 159 AND
2 1 32 96 160 AND
2 1 33 97 161 AND
2 1 34 98 162 AND
2 1 35 99 163 AND
2 1 36 100 164 AND
2 1 37 101 165 AND
2 1 38 102 166 AND
2 1 39 103 167 AND
2 1 40 104 168 AND
2 1 41 105 169 AND
2 1 42 106 170 AND
2 1 43 107 171 AND
2 1 44 108 172 AND
2 1 45 109 173 AND
2 1 46 110 174 AND
2 1 47 111 175 AND
2 1 48 112 176 AND
2 1 49 113 177 AND
2 1 50 114 178 AND
2 1 51 115 179 AND
2 1 52 116 180 AND
2 1 53 117 181 AND
2 1 54 118 182 AND
2 1 55 119 183 AND
2 1 56 120 184 AND
2 1 57 121 185 AND
2 1 58 122 186 AND
2 1 59 123 187 AND
2 1 60 124 188 AND
2 1 61 125 189 AND
2 1 62 126 190 AND
2 1 63 127 191 AND
2 1 0 64 192 XOR
2 1 1 65 193 XOR
2 1 2 66 194 XOR
2 1 3 67 195 XOR
2 1 4 68 196 XOR
2 1 5 69 197 XOR
2 1 6 70 198 XOR
2 1 7 71 199 XOR
2 1 8 72 200 XOR
2 1 9 73 201 XOR
2 1 10 74 202 XOR
2 1 11 75 203 XOR
2 1 12 76 204 XOR
2 1 13 77 205 XOR
2 1 14 78 206 XOR
2 1 15 79 207 XOR
2 1 16 80 208 XOR
2 1 17 81 209 XOR
2 1 18 82 210 XOR
2 1 19 83 211 XOR
2 1 20 84 212 XOR
2 1 21 85 213 XOR
2 1 22 86 214 XOR
2 1 23 87 215 XOR
2 1 24 88 216 XOR
2 1 25 89 217 XOR
2 1 26 90 218 XOR
2 1 27 91 219 XOR
2 1 28 92 220 XOR
2 1 29 93 221 XOR
2 1 30 94 222 XOR
2 1 31 95 223 XOR
2 1 32 96 224 XOR
2 1 33 97 225 XOR
2 1 34 98 226 XOR
2 1 35 99 227 XOR
2 1 36 100 228 XOR
2 1 37 101 229 XOR
2 1 38 102 230 XOR
2 1 39 103 231 XOR
2 1 40 104 232 XOR
2 1 41 105 233 XOR
2 1 42 106 234 XOR
2 1 43 107 235 XOR
2 1 44 108 236 XOR
2 1 45 109 237 XOR
2 1 46 110 238 XOR
2 1 47 111 239 XOR
2 1 48 112 240 XOR
2 1 49 113 241 XOR
2 1 50 114 242 XOR
2 1 51 115 243 XOR
2 1 52 116 244 XOR
2 1 53 117 245 XOR
2 1 54 118 246 XOR
2 1 55 119 247 XOR
2 1 56 120 248 XOR
2 1 57 121 249 XOR
2 1 58 122 250 XOR
2 1 59 123 251 XOR
2 1 60 124 252 XOR
2 1 61 125 253 XOR
2 1 62 126 254 XOR
2 1 63 127 255 XOR
2 1 255 190 256 AND
3 1 255 254 189 257 AND
2 1 256 257 258 XOR
4 1 255 254 253 188 259 AND
2 1 258 259 260 XOR
5 1 255 254 253 252 187 261 AND
2 1 260 261 262 XOR
6 1 255 254 253 252 251 186 263 AND
2 1 262 263 264 XOR
7 1 255 254 253 252 251 250 185 265 AND
2 1 264 265 266 XOR
8 1 255 254 253 252 251 250 249 184 267 AND
2 1 266 267 268 XOR
2 1 191 268 269 XOR
8 1 255 254 253 252 251 250 249 248 270 AND
2 1 254 189 271 AND
3 1 254 253 188 272 AND
2 1 271 272 273 XOR
4 1 254 253 252 187 274 AND
2 1 273 274 275 XOR
5 1 254 253 252 251 186 276 AND
2 1 275 276 277 XOR
6 1 254 253 252 251 250 185 278 AND
2 1 277 278 279 XOR
7 1 254 253 252 251 250 249 184 280 AND
2 1 279 280 281 XOR
2 1 190 281 282 XOR
7 1 254 253 252 251 250 249 248 283 AND
2 1 253 188 284 AND
3 1 253 252 187 285 AND
2 1 284 285 286 XOR
4 1 253 252 251 186 287 AND
2 1 286 287 288 XOR
5 1 253 252 251 250 185 289 AND
2 1 288 289 290 XOR
6 1 253 252 251 250 249 184 291 AND
2 1 290 291 292 XOR
2 1 189 292 293 XOR
6 1 253 252 251 250 249 248 294 AND
2 1 252 187 295 AND
3 1 252 251 186 296 AND
2 1 295 296 297 XOR
4 1 252 251 250 185 298 AND
2 1 297 298 299 XOR
5 1 252 251 250 249 184 300 AND
2 1 299 300 301 XOR
2 1 188 301 302 XOR
5 1 252 251 250 249 248 303 AND
2 1 251 186 304 AND
3 1 251 250 185 305 AND
2 1 304 305 306 XOR
4 1 251 250 249 184 307 AND
2 1 306 307 308 XOR
2 1 187 308 309 XOR
4 1 251 250 249 248 310 AND
2 1 250 185 311 AND
3 1 250 249 184 312 AND
2 1 311 312 313 XOR
2 1 186 313 314 XOR
3 1 250 249 248 315 AND
2 1 249 184 316 AND
2 1 185 316 317 XOR
2 1 249 248 318 AND
2 1 247 182 319 AND
3 1 247 246 181 320 AND
2 1 319 320 321 XOR
4 1 247 246 245 180 322 AND
2 1 321 322 323 XOR
5 1 247 246 245 244 179 324 AND
2 1 323 324 325 XOR
6 1 247 246 245 244 243 178 326 AND
2 1 325 326 327 XOR
7 1 247 246 245 244 243 242 177 328 AND
2 1 327 328 329 XOR
8 1 247 246 245 244 243 242 241 176 330 AND
2 1 329 330 331 XOR
2 1 183 331 332 XOR
8 1 247 246 245 244 243 242 241 240 333 AND
2 1 246 181 334 AND
3 1 246 245 180 335 AND
2 1 334 335 336 XOR
4 1 246 245 244 179 337 AND
2 1 336 337 338 XOR
5 1 246 245 244 243 178 339 AND
2 1 338 339 340 XOR
6 1 246 245 244 243 242 177 341 AND
2 1 340 341 342 XOR
7 1 246 245 244 243 242 241 176 343 AND
2 1 342 343 344 XOR
2 1 182 344 345 XOR
7 1 246 245 244 243 242 241 240 346 AND
2 1 245 180 347 AND
3 1 245 244 179 348 AND
2 1 347 348 349 XOR
4 1 245 244 243 178 350 AND
2 1 349 350 351 XOR
5 1 245 244 243 242 177 352 AND
2 1 351 352 353 XOR
6 1 245 244 243 242 241 176 354 AND
2 1 353 354 355 XOR
2 1 181 355 356 XOR
6 1 245 244 243 242 241 240 357 AND
2 1 244 179 358 AND
3 1 244 243 178 359 AND
2 1 358 359 360 XOR
4 1 244 243 242 177 361 AND
2 1 360 361 362 XOR
5 1 244 243 242 241 176 363 AND
2 1 362 363 364 XOR
2 1 180 364 365 XOR
5 1 244 243 242 241 240 366 AND
2 1 243 178 367 AND
3 1 243 242 177 368 AND
2 1 367 368 369 XOR
4 1 243 242 241 176 370 AND
2 1 369 370 371 XOR
2 1 179 371 372 XOR
4 1 243 242 241 240 373 AND
2 1 242 177 374 AND
3 1 242 241 176 375 AND
2 1 374 375 376 XOR
2 1 178 376 377 XOR
3 1 242 241 240 378 AND
2 1 241 176 379 AND
2 1 177 379 380 XOR
2 1 241 240 381 AND
2 1 239 174 382 AND
3 1 239 238 173 383 AND
2 1 382 383 384 XOR
4 1 239 238 237 172 385 AND
2 1 384 385 386 XOR
5 1 239 238 237 236 171 387 AND
2 1 386 387 388 XOR
6 1 239 238 237 236 235 170 389 AND
2 1 388 389 390 XOR
7 1 239 238 237 236 235 234 169 391 AND
2 1 390 391 392 XOR
8 1 239 238 237 236 235 234 233 168 393 AND
2 1 392 393 394 XOR
2 1 175 394 395 XOR
8 1 239 238 237 236 235 234 233 232 396 AND
2 1 238 173 397 AND
3 1 238 237 172 398 AND
2 1 397 398 399 XOR
4 1 238 237 236 171 400 AND
2 1 399 400 401 XOR
5 1 238 237 236 235 170 402 AND
2 1 401 402 403 XOR
6 1 238 237 236 235 234 169 404 AND
2 1 403 404 405 XOR
7 1 238 237 236 235 234 233 168 406 AND
2 1 405 406 407 XOR
2 1 174 407 408 XOR
7 1 238 237 236 235 234 233 232 409 AND
2 1 237 172 410 AND
3 1 237 236 171 411 AND
2 1 410 411 412 XOR
4 1 237 236 235 170 413 AND
2 1 412 413 414 XOR
5 1 237 236 235 234 169 415 AND
2 1 414 415 416 XOR
6 1 237 236 235 234 233 168 417 AND
2 1 416 417 418 XOR
2 1 173 418 419 XOR
6 1 237 236 235 234 233 232 420 AND
2 1 236 171 421 AND
3 1 236 235 170 422 AND
2 1 421 422 423 XOR
4 1 236 235 234 169 424 AND
2 1 423 424 425 XOR
5 1 236 235 234 233 168 426 AND
2 1 425 426 427 XOR
2 1 172 427 428 XOR
5 1 236 235 234 233 232 429 AND
2 1 235 170 430 AND
3 1 235 234 169 431 AND
2 1 430 431 432 XOR
4 1 235 234 233 168 433 AND
2 1 432 433 434 XOR
2 1 171 434 435 XOR
4 1 235 234 233 232 436 AND
2 1 234 169 437 AND
3 1 234 233 168 438 AND
2 1 437 438 439 XOR
2 1 170 439 440 XOR
3 1 234 233 232 441 AND
2 1 233 168 442 AND
2 1 169 442 443 XOR
2 1 233 232 444 AND
2 1 231 166 445 AND
3 1 231 230 165 446 AND
2 1 445 446 447 XOR
4 1 231 230 229 164 448 AND
2 1 447 448 449 XOR
5 1 231 230 229 228 163 450 AND
2 1 449 450 451 XOR
6 1 231 230 229 228 227 162 452 AND
2 1 451 452 453 XOR
7 1 231 230 229 228 227 226 161 454 AND
2 1 453 454 455 XOR
8 1 231 230 229 228 227 226 225 160 456 AND
2 1 455 456 457 XOR
2 1 167 457 458 XOR
8 1 231 230 229 228 227 226 225 224 459 AND
2 1 230 165 460 AND
3 1 230 229 164 461 AND
2 1 460 461 462 XOR
4 1 230 229 228 163 463 AND
2 1 462 463 464 XOR
5 1 230 229 228 227 162 465 AND
2 1 464 465 466 XOR
6 1 230 229 228 227 226 161 467 AND
2 1 466 467 468 XOR
7 1 230 229 228 227 226 225 160 469 AND
2 1 468 469 470 XOR
2 1 166 470 471 XOR
7 1 230 229 228 227 226 225 224 472 AND
2 1 229 164 473 AND
3 1 229 228 163 474 AND
2 1 473 474 475 XOR
4 1 229 228 227 162 476 AND
2 1 475 476 477 XOR
5 1 229 228 227 226 161 478 AND
2 1 477 478 479 XOR
6 1 229 228 227 226 225 160 480 AND
2 1 479 480 481 XOR
2 1 165 481 482 XOR
6 1 229 228 227 226 225 224 483 AND
2 1 228 163 484 AND
3 1 228 227 162 485 AND
2 1 484 485 486 XOR
4 1 228 227 226 161 487 AND
2 1 486 487 488 XOR
5 1 228 227 226 225 160 489 AND
2 1 488 489 490 XOR
2 1 164 490 491 XOR
5 1 228 227 226 225 224 492 AND
2 1 227 162 493 AND
3 1 227 226 161 494 AND
2 1 493 494 495 XOR
4 1 227 226 225 160 496 AND
2 1 495 496 497 XOR
2 1 163 497 498 XOR
4 1 227 226 225 224 499 AND
2 1 226 161 500 AND
3 1 226 225 160 501 AND
2 1 500 501 502 XOR
2 1 162 502 503 XOR
3 1 226 225 224 504 AND
2 1 225 160 505 AND
2 1 161 505 506 XOR
2 1 225 224 507 AND
2 1 223 158 508 AND
3 1 223 222 157 509 AND
2 1 508 509 510 XOR
4 1 223 222 221 156 511 AND
2 1 510 511 512 XOR
5 1 223 222 221 220 155 513 AND
2 1 512 513 514 XOR
6 1 223 222 221 220 219 154 515 AND
2 1 514 515 516 XOR
7 1 223 222 221 220 219 218 153 517 AND
2 1 516 517 518 XOR
8 1 223 222 221 220 219 218 217 152 519 AND
2 1 518 519 520 XOR
2 1 159 520 521 XOR
8 1 223 222 221 220 219 218 217 216 522 AND
2 1 222 157 523 AND
3 1 222 221 156 524 AND
2 1 523 524 525 XOR
4 1 222 221 220 155 526 AND
2 1 525 526 527 XOR
5 1 222 221 220 219 154 528 AND
2 1 527 528 529 XOR
6 1 222 221 220 219 218 153 530 AND
2 1 529 530 531 XOR
7 1 222 221 220 219 218 217 152 532 AND
2 1 531 532 533 XOR
2 1 158 533 534 XOR
7 1 222 221 220 219 218 217 216 535 AND
2 1 221 156 536 AND
3 1 221 220 155 537 AND
2 1 536 537 538 XOR
4 1 221 220 219 154 539 AND
2 1 538 539 540 XOR
5 1 221 220 219 218 153 541 AND
2 1 540 541 542 XOR
6 1 221 220 219 218 217 152 543 AND
2 1 542 543 544 XOR
2 1 157 544 545 XOR
6 1 221 220 219 218 217 216 546 AND
2 1 220 155 547 AND
3 1 220 219 154 548 AND
2 1 547 548 549 XOR
4 1 220 219 218 153 550 AND
2 1 549 550 551 XOR
5 1 220 219 218 217 152 552 AND
2 1 551 552 553 XOR
2 1 156 553 554 XOR
5 1 220 219 218 217 216 555 AND
2 1 219 154 556 AND
3 1 219 218 153 557 AND
2 1 556 557 558 XOR
4 1 219 218 217 152 559 AND
2 1 558 559 560 XOR
2 1 155 560 561 XOR
4 1 219 218 217 216 562 AND
2 1 218 153 563 AND
3 1 218 217 152 564 AND
2 1 563 564 565 XOR
2 1 154 565 566 XOR
3 1 218 217 216 567 AND
2 1 217 152 568 AND
2 1 153 568 569 XOR
2 1 217 216 570 AND
2 1 215 150 571 AND
3 1 215 214 149 572 AND
2 1 571 572 573 XOR
4 1 215 214 213 148 574 AND
2 1 573 574 575 XOR
5 1 215 214 213 212 147 576 AND
2 1 575 576 577 XOR
6 1 215 214 213 212 211 146 578 AND
2 1 577 578 579 XOR
7 1 215 214 213 212 211 210 145 580 AND
2 1 579 580 581 XOR
8 1 215 214 213 212 211 210 209 144 582 AND
2 1 581 582 583 XOR
2 1 151 583 584 XOR
8 1 215 214 213 212 211 210 209 208 585 AND
2 1 214 149 586 AND
3 1 214 213 148 587 AND
2 1 586 587 588 XOR
4 1 214 213 212 147 589 AND
2 1 588 589 590 XOR
5 1 214 213 212 211 146 591 AND
2 1 590 591 592 XOR
6 1 214 213 212 211 210 145 593 AND
2 1 592 593 594 XOR
7 1 214 213 212 211 210 209 144 595 AND
2 1 594 595 596 XOR
2 1 150 596 597 XOR
7 1 214 213 212 211 210 209 208 598 AND
2 1 213 148 599 AND
3 1 213 212 147 600 AND
2 1 599 600 601 XOR
4 1 213 212 211 146 602 AND
2 1 601 602 603 XOR
5 1 213 212 211 210 145 604 AND
2 1 603 604 605 XOR
6 1 213 212 211 210 209 144 606 AND
2 1 605 606 607 XOR
2 1 149 607 608 XOR
6 1 213 212 211 210 209 208 609 AND
2 1 212 147 610 AND
3 1 212 211 146 611 AND
2 1 610 611 612 XOR
4 1 212 211 210 145 613 AND
2 1 612 613 614 XOR
5 1 212 211 210 209 144 615 AND
2 1 614 615 616 XOR
2 1 148 616 617 XOR
5 1 212 211 210 209 208 618 AND
2 1 211 146 619 AND
3 1 211 210 145 620 AND
2 1 619 620 621 XOR
4 1 211 210 209 144 622 AND
2 1 621 622 623 XOR
2 1 147 623 624 XOR
4 1 211 210 209 208 625 AND
2 1 210 145 626 AND
3 1 210 209 144 627 AND
2 1 626 627 628 XOR
2 1 146 628 629 XOR
3 1 210 209 208 630 AND
2 1 209 144 631 AND
2 1 145 631 632 XOR
2 1 209 208 633 AND
2 1 207 142 634 AND
3 1 207 206 141 635 AND
2 1 634 635 636 XOR
4 1 207 206 205 140 637 AND
2 1 636 637 638 XOR
5 1 207 206 205 204 139 639 AND
2 1 638 639 640 XOR
6 1 207 206 205 204 203 138 641 AND
2 1 640 641 642 XOR
7 1 207 206 205 204 203 202 137 643 AND
2 1 642 643 644 XOR
8 1 207 206 205 204 203 202 201 136 645 AND
2 1 644 645 646 XOR
2 1 143 646 647 XOR
8 1 207 206 205 204 203 202 201 200 648 AND
2 1 206 141 649 AND
3 1 206 205 140 650 AND
2 1 649 650 651 XOR
4 1 206 205 204 139 652 AND
2 1 651 652 653 XOR
5 1 206 205 204 203 138 654 AND
2 1 653 654 655 XOR
6 1 206 205 204 203 202 137 656 AND
2 1 655 656 657 XOR
7 1 206 205 204 203 202 201 136 658 AND
2 1 657 658 659 XOR
2 1 142 659 660 XOR
7 1 206 205 204 203 202 201 200 661 AND
2 1 205 140 662 AND
3 1 205 204 139 663 AND
2 1 662 663 664 XOR
4 1 205 204 203 138 665 AND
2 1 664 665 666 XOR
5 1 205 204 203 202 137 667 AND
2 1 666 667 668 XOR
6 1 205 204 203 202 201 136 669 AND
2 1 668 669 670 XOR
2 1 141 670 671 XOR
6 1 205 204 203 202 201 200 672 AND
2 1 204 139 673 AND
3 1 204 203 138 674 AND
2 1 673 674 675 XOR
4 1 204 203 202 137 676 AND
2 1 675 676 677 XOR
5 1 204 203 202 201 136 678 AND
2 1 677 678 679 XOR
2 1 140 679 680 XOR
5 1 204 203 202 201 200 681 AND
2 1 203 138 682 AND
3 1 203 202 137 683 AND
2 1 682 683 684 XOR
4 1 203 202 201 136 685 AND
2 1 684 685 686 XOR
2 1 139 686 687 XOR
4 1 203 202 201 200 688 AND
2 1 202 137 689 AND
3 1 202 201 136 690 AND
2 1 689 690 691 XOR
2 1 138 691 692 XOR
3 1 202 201 200 693 AND
2 1 201 136 694 AND
2 1 137 694 695 XOR
2 1 201 200 696 AND
2 1 199 134 697 AND
3 1 199 198 133 698 AND
2 1 697 698 699 XOR
4 1 199 198 197 132 700 AND
2 1 699 700 701 XOR
5 1 199 198 197 196 131 702 AND
2 1 701 702 703 XOR
6 1 199 198 197 196 195 130 704 AND
2 1 703 704 705 XOR
7 1 199 198 197 196 195 194 129 706 AND
2 1 705 706 707 XOR
8 1 199 198 197 196 195 194 193 128 708 AND
2 1 707 708 709 XOR
2 1 135 709 710 XOR
2 1 198 133 711 AND
3 1 198 197 132 712 AND
2 1 711 712 713 XOR
4 1 198 197 196 131 714 AND
2 1 713 714 715 XOR
5 1 198 197 196 195 130 716 AND
2 1 715 716 717 XOR
6 1 198 197 196 195 194 129 718 AND
2 1 717 718 719 XOR
7 1 198 197 196 195 194 193 128 720 AND
2 1 719 720 721 XOR
2 1 134 721 722 XOR
2 1 197 132 723 AND
3 1 197 196 131 724 AND
2 1 723 724 725 XOR
4 1 197 196 195 130 726 AND
2 1 725 726 727 XOR
5 1 197 196 195 194 129 728 AND
2 1 727 728 729 XOR
6 1 197 196 195 194 193 128 730 AND
2 1 729 730 731 XOR
2 1 133 731 732 XOR
2 1 196 131 733 AND
3 1 196 195 130 734 AND
2 1 733 734 735 XOR
4 1 196 195 194 129 736 AND
2 1 735 736 737 XOR
5 1 196 195 194 193 128 738 AND
2 1 737 738 739 XOR
2 1 132 739 740 XOR
2 1 195 130 741 AND
3 1 195 194 129 742 AND
2 1 741 742 743 XOR
4 1 195 194 193 128 744 AND
2 1 743 744 745 XOR
2 1 131 745 746 XOR
2 1 194 129 747 AND
3 1 194 193 128 748 AND
2 1 747 748 749 XOR
2 1 130 749 750 XOR
2 1 193 128 751 AND
2 1 129 751 752 XOR
2 1 270 332 753 AND
3 1 270 333 395 754 AND
2 1 753 754 755 XOR
4 1 270 333 396 458 756 AND
2 1 755 756 757 XOR
5 1 270 333 396 459 521 758 AND
2 1 757 758 759 XOR
6 1 270 333 396 459 522 584 760 AND
2 1 759 760 761 XOR
7 1 270 333 396 459 522 585 647 762 AND
2 1 761 762 763 XOR
8 1 270 333 396 459 522 585 648 710 764 AND
2 1 763 764 765 XOR
2 1 269 765 766 XOR
2 1 283 332 767 AND
3 1 283 333 395 768 AND
2 1 767 768 769 XOR
4 1 283 333 396 458 770 AND
2 1 769 770 771 XOR
5 1 283 333 396 459 521 772 AND
2 1 771 772 773 XOR
6 1 283 333 396 459 522 584 774 AND
2 1 773 774 775 XOR
7 1 283 333 396 459 522 585 647 776 AND
2 1 775 776 777 XOR
8 1 283 333 396 459 522 585 648 710 778 AND
2 1 777 778 779 XOR
2 1 282 779 780 XOR
2 1 294 332 781 AND
3 1 294 333 395 782 AND
2 1 781 782 783 XOR
4 1 294 333 396 458 784 AND
2 1 783 784 785 XOR
5 1 294 333 396 459 521 786 AND
2 1 785 786 787 XOR
6 1 294 333 396 459 522 584 788 AND
2 1 787 788 789 XOR
7 1 294 333 396 459 522 585 647 790 AND
2 1 789 790 791 XOR
8 1 294 333 396 459 522 585 648 710 792 AND
2 1 791 792 793 XOR
2 1 293 793 794 XOR
2 1 303 332 795 AND
3 1 303 333 395 796 AND
2 1 795 796 797 XOR
4 1 303 333 396 458 798 AND
2 1 797 798 799 XOR
5 1 303 333 396 459 521 800 AND
2 1 799 800 801 XOR
6 1 303 333 396 459 522 584 802 AND
2 1 801 802 803 XOR
7 1 303 333 396 459 522 585 647 804 AND
2 1 803 804 805 XOR
8 1 303 333 396 459 522 585 648 710 806 AND
2 1 805 806 807 XOR
2 1 302 807 808 XOR
2 1 310 332 809 AND
3 1 310 333 395 810 AND
2 1 809 810 811 XOR
4 1 310 333 396 458 812 AND
2 1 811 812 813 XOR
5 1 310 333 396 459 521 814 AND
2 1 813 814 815 XOR
6 1 310 333 396 459 522 584 816 AND
2 1 815 816 817 XOR
7 1 310 333 396 459 522 585 647 818 AND
2 1 817 818 819 XOR
8 1 310 333 396 459 522 585 648 710 820 AND
2 1 819 820 821 XOR
2 1 309 821 822 XOR
2 1 315 332 823 AND
3 1 315 333 395 824 AND
2 1 823 824 825 XOR
4 1 315 333 396 458 826 AND
2 1 825 826 827 XOR
5 1 315 333 396 459 521 828 AND
2 1 827 828 829 XOR
6 1 315 333 396 459 522 584 830 AND
2 1 829 830 831 XOR
7 1 315 333 396 459 522 585 647 832 AND
2 1 831 832 833 XOR
8 1 315 333 396 459 522 585 648 710 834 AND
2 1 833 834 835 XOR
2 1 314 835 836 XOR
2 1 318 332 837 AND
3 1 318 333 395 838 AND
2 1 837 838 839 XOR
4 1 318 333 396 458 840 AND
2 1 839 840 841 XOR
5 1 318 333 396 459 521 842 AND
2 1 841 842 843 XOR
6 1 318 333 396 459 522 584 844 AND
2 1 843 844 845 XOR
7 1 318 333 396 459 522 585 647 846 AND
2 1 845 846 847 XOR
8 1 318 333 396 459 522 585 648 710 848 AND
2 1 847 848 849 XOR
2 1 317 849 850 XOR
2 1 248 332 851 AND
3 1 248 333 395 852 AND
2 1 851 852 853 XOR
4 1 248 333 396 458 854 AND
2 1 853 854 855 XOR
5 1 248 333 396 459 521 856 AND
2 1 855 856 857 XOR
6 1 248 333 396 459 522 584 858 AND
2 1 857 858 859 XOR
7 1 248 333 396 459 522 585 647 860 AND
2 1 859 860 861 XOR
8 1 248 333 396 459 522 585 648 710 862 AND
2 1 861 862 863 XOR
2 1 184 863 864 XOR
2 1 333 395 865 AND
3 1 333 396 458 866 AND
2 1 865 866 867 XOR
4 1 333 396 459 521 868 AND
2 1 867 868 869 XOR
5 1 333 396 459 522 584 870 AND
2 1 869 870 871 XOR
6 1 333 396 459 522 585 647 872 AND
2 1 871 872 873 XOR
7 1 333 396 459 522 585 648 710 874 AND
2 1 873 874 875 XOR
2 1 332 875 876 XOR
2 1 346 395 877 AND
3 1 346 396 458 878 AND
2 1 877 878 879 XOR
4 1 346 396 459 521 880 AND
2 1 879 880 881 XOR
5 1 346 396 459 522 584 882 AND
2 1 881 882 883 XOR
6 1 346 396 459 522 585 647 884 AND
2 1 883 884 885 XOR
7 1 346 396 459 522 585 648 710 886 AND
2 1 885 886 887 XOR
2 1 345 887 888 XOR
2 1 357 395 889 AND
3 1 357 396 458 890 AND
2 1 889 890 891 XOR
4 1 357 396 459 521 892 AND
2 1 891 892 893 XOR
5 1 357 396 459 522 584 894 AND
2 1 893 894 895 XOR
6 1 357 396 459 522 585 647 896 AND
2 1 895 896 897 XOR
7 1 357 396 459 522 585 648 710 898 AND
2 1 897 898 899 XOR
2 1 356 899 900 XOR
2 1 366 395 901 AND
3 1 366 396 458 902 AND
2 1 901 902 903 XOR
4 1 366 396 459 521 904 AND
2 1 903 904 905 XOR
5 1 366 396 459 522 584 906 AND
2 1 905 906 907 XOR
6 1 366 396 459 522 585 647 908 AND
2 1 907 908 909 XOR
7 1 366 396 459 522 585 648 710 910 AND
2 1 909 910 911 XOR
2 1 365 911 912 XOR
2 1 373 395 913 AND
3 1 373 396 458 914 AND
2 1 913 914 915 XOR
4 1 373 396 459 521 916 AND
2 1 915 916 917 XOR
5 1 373 396 459 522 584 918 AND
2 1 917 918 919 XOR
6 1 373 396 459 522 585 647 920 AND
2 1 919 920 921 XOR
7 1 373 396 459 522 585 648 710 922 AND
2 1 921 922 923 XOR
2 1 372 923 924 XOR
2 1 378 395 925 AND
3 1 378 396 458 926 AND
2 1 925 926 927 XOR
4 1 378 396 459 521 928 AND
2 1 927 928 929 XOR
5 1 378 396 459 522 584 930 AND
2 1 929 930 931 XOR
6 1 378 396 459 522 585 647 932 AND
2 1 931 932 933 XOR
7 1 378 396 459 522 585 648 710 934 AND
2 1 933 934 935 XOR
2 1 377 935 936 XOR
2 1 381 395 937 AND
3 1 381 396 458 938 AND
2 1 937 938 939 XOR
4 1 381 396 459 521 940 AND
2 1 939 940 941 XOR
5 1 381 396 459 522 584 942 AND
2 1 941 942 943 XOR
6 1 381 396 459 522 585 647 944 AND
2 1 943 944 945 XOR
7 1 381 396 459 522 585 648 710 946 AND
2 1 945 946 947 XOR
2 1 380 947 948 XOR
2 1 240 395 949 AND
3 1 240 396 458 950 AND
2 1 949 950 951 XOR
4 1 240 396 459 521 952 AND
2 1 951 952 953 XOR
5 1 240 396 459 522 584 954 AND
2 1 953 954 955 XOR
6 1 240 396 459 522 585 647 956 AND
2 1 955 956 957 XOR
7 1 240 396 459 522 585 648 710 958 AND
2 1 957 958 959 XOR
2 1 176 959 960 XOR
2 1 396 458 961 AND
3 1 396 459 521 962 AND
2 1 961 962 963 XOR
4 1 396 459 522 584 964 AND
2 1 963 964 965 XOR
5 1 396 459 522 585 647 966 AND
2 1 965 966 967 XOR
6 1 396 459 522 585 648 710 968 AND
2 1 967 968 969 XOR
2 1 395 969 970 XOR
2 1 409 458 971 AND
3 1 409 459 521 972 AND
2 1 971 972 973 XOR
4 1 409 459 522 584 974 AND
2 1 973 974 975 XOR
5 1 409 459 522 585 647 976 AND
2 1 975 976 977 XOR
6 1 409 459 522 585 648 710 978 AND
2 1 977 978 979 XOR
2 1 408 979 980 XOR
2 1 420 458 981 AND
3 1 420 459 521 982 AND
2 1 981 982 983 XOR
4 1 420 459 522 584 984 AND
2 1 983 984 985 XOR
5 1 420 459 522 585 647 986 AND
2 1 985 986 987 XOR
6 1 420 459 522 585 648 710 988 AND
2 1 987 988 989 XOR
2 1 419 989 990 XOR
2 1 429 458 991 AND
3 1 429 459 521 992 AND
2 1 991 992 993 XOR
4 1 429 459 522 584 994 AND
2 1 993 994 995 XOR
5 1 429 459 522 585 647 996 AND
2 1 995 996 997 XOR
6 1 429 459 522 585 648 710 998 AND
2 1 997 998 999 XOR
2 1 428 999 1000 XOR
2 1 436 458 1001 AND
3 1 436 459 521 1002 AND
2 1 1001 1002 1003 XOR
4 1 436 459 522 584 1004 AND
2 1 1003 1004 1005 XOR
5 1 436 459 522 585 647 1006 AND
2 1 1005 1006 1007 XOR
6 1 436 459 522 585 648 710 1008 AND
2 1 1007 1008 1009 XOR
2 1 435 1009 1010 XOR
2 1 441 458 1011 AND
3 1 441 459 521 1012 AND
2 1 1011 1012 1013 XOR
4 1 441 459 522 584 1014 AND
2 1 1013 1014 1015 XOR
5 1 441 459 522 585 647 1016 AND
2 1 1015 1016 1017 XOR
6 1 441 459 522 585 648 710 1018 AND
2 1 1017 1018 1019 XOR
2 1 440 1019 1020 XOR
2 1 444 458 1021 AND
3 1 444 459 521 1022 AND
2 1 1021 1022 1023 XOR
4 1 444 459 522 584 1024 AND
2 1 1023 1024 1025 XOR
5 1 444 459 522 585 647 1026 AND
2 1 1025 1026 1027 XOR
6 1 444 459 522 585 648 710 1028 AND
2 1 1027 1028 1029 XOR
2 1 443 1029 1030 XOR
2 1 232 458 1031 AND
3 1 232 459 521 1032 AND
2 1 1031 1032 1033 XOR
4 1 232 459 522 584 1034 AND
2 1 1033 1034 1035 XOR
5 1 232 459 522 585 647 1036 AND
2 1 1035 1036 1037 XOR
6 1 232 459 522 585 648 710 1038 AND
2 1 1037 1038 1039 XOR
2 1 168 1039 1040 XOR
2 1 459 521 1041 AND
3 1 459 522 584 1042 AND
2 1 1041 1042 1043 XOR
4 1 459 522 585 647 1044 AND
2 1 1043 1044 1045 XOR
5 1 459 522 585 648 710 1046 AND
2 1 1045 1046 1047 XOR
2 1 458 1047 1048 XOR
2 1 472 521 1049 AND
3 1 472 522 584 1050 AND
2 1 1049 1050 1051 XOR
4 1 472 522 585 647 1052 AND
2 1 1051 1052 1053 XOR
5 1 472 522 585 648 710 1054 AND
2 1 1053 1054 1055 XOR
2 1 471 1055 1056 XOR
2 1 483 521 1057 AND
3 1 483 522 584 1058 AND
2 1 1057 1058 1059 XOR
4 1 483 522 585 647 1060 AND
2 1 1059 1060 1061 XOR
5 1 483 522 585 648 710 1062 AND
2 1 1061 1062 1063 XOR
2 1 482 1063 1064 XOR
2 1 492 521 1065 AND
3 1 492 522 584 1066 AND
2 1 1065 1066 1067 XOR
4 1 492 522 585 647 1068 AND
2 1 1067 1068 1069 XOR
5 1 492 522 585 648 710 1070 AND
2 1 1069 1070 1071 XOR
2 1 491 1071 1072 XOR
2 1 499 521 1073 AND
3 1 499 522 584 1074 AND
2 1 1073 1074 1075 XOR
4 1 499 522 585 647 1076 AND
2 1 1075 1076 1077 XOR
5 1 499 522 585 648 710 1078 AND
2 1 1077 1078 1079 XOR
2 1 498 1079 1080 XOR
2 1 504 521 1081 AND
3 1 504 522 584 1082 AND
2 1 1081 1082 1083 XOR
4 1 504 522 585 647 1084 AND
2 1 1083 1084 1085 XOR
5 1 504 522 585 648 710 1086 AND
2 1 1085 1086 1087 XOR
2 1 503 1087 1088 XOR
2 1 507 521 1089 AND
3 1 507 522 584 1090 AND
2 1 1089 1090 1091 XOR
4 1 507 522 585 647 1092 AND
2 1 1091 1092 1093 XOR
5 1 507 522 585 648 710 1094 AND
2 1 1093 1094 1095 XOR
2 1 506 1095 1096 XOR
2 1 224 521 1097 AND
3 1 224 522 584 1098 AND
2 1 1097 1098 1099 XOR
4 1 224 522 585 647 1100 AND
2 1 1099 1100 1101 XOR
5 1 224 522 585 648 710 1102 AND
2 1 1101 1102 1103 XOR
2 1 160 1103 1104 XOR
2 1 522 584 1105 AND
3 1 522 585 647 1106 AND
2 1 1105 1106 1107 XOR
4 1 522 585 648 710 1108 AND
2 1 1107 1108 1109 XOR
2 1 521 1109 1110 XOR
2 1 535 584 1111 AND
3 1 535 585 647 1112 AND
2 1 1111 1112 1113 XOR
4 1 535 585 648 710 1114 AND
2 1 1113 1114 1115 XOR
2 1 534 1115 1116 XOR
2 1 546 584 1117 AND
3 1 546 585 647 1118 AND
2 1 1117 1118 1119 XOR
4 1 546 585 648 710 1120 AND
2 1 1119 1120 1121 XOR
2 1 545 1121 1122 XOR
2 1 555 584 1123 AND
3 1 555 585 647 1124 AND
2 1 1123 1124 1125 XOR
4 1 555 585 648 710 1126 AND
2 1 1125 1126 1127 XOR
2 1 554 1127 1128 XOR
2 1 562 584 1129 AND
3 1 562 585 647 1130 AND
2 1 1129 1130 1131 XOR
4 1 562 585 648 710 1132 AND
2 1 1131 1132 1133 XOR
2 1 561 1133 1134 XOR
2 1 567 584 1135 AND
3 1 567 585 647 1136 AND
2 1 1135 1136 1137 XOR
4 1 567 585 648 710 1138 AND
2 1 1137 1138 1139 XOR
2 1 566 1139 1140 XOR
2 1 570 584 1141 AND
3 1 570 585 647 1142 AND
2 1 1141 1142 1143 XOR
4 1 570 585 648 710 1144 AND
2 1 1143 1144 1145 XOR
2 1 569 1145 1146 XOR
2 1 216 584 1147 AND
3 1 216 585 647 1148 AND
2 1 1147 1148 1149 XOR
4 1 216 585 648 710 1150 AND
2 1 1149 1150 1151 XOR
2 1 152 1151 1152 XOR
2 1 585 647 1153 AND
3 1 585 648 710 1154 AND
2 1 1153 1154 1155 XOR
2 1 584 1155 1156 XOR
2 1 598 647 1157 AND
3 1 598 648 710 1158 AND
2 1 1157 1158 1159 XOR
2 1 597 1159 1160 XOR
2 1 609 647 1161 AND
3 1 609 648 710 1162 AND
2 1 1161 1162 1163 XOR
2 1 608 1163 1164 XOR
2 1 618 647 1165 AND
3 1 618 648 710 1166 AND
2 1 1165 1166 1167 XOR
2 1 617 1167 1168 XOR
2 1 625 647 1169 AND
3 1 625 648 710 1170 AND
2 1 1169 1170 1171 XOR
2 1 624 1171 1172 XOR
2 1 630 647 1173 AND
3 1 630 648 710 1174 AND
2 1 1173 1174 1175 XOR
2 1 629 1175 1176 XOR
2 1 633 647 1177 AND
3 1 633 648 710 1178 AND
2 1 1177 1178 1179 XOR
2 1 632 1179 1180 XOR
2 1 208 647 1181 AND
3 1 208 648 710 1182 AND
2 1 1181 1182 1183 XOR
2 1 144 1183 1184 XOR
2 1 648 710 1185 AND
2 1 647 1185 1186 XOR
2 1 661 710 1187 AND
2 1 660 1187 1188 XOR
2 1 672 710 1189 AND
2 1 671 1189 1190 XOR
2 1 681 710 1191 AND
2 1 680 1191 1192 XOR
2 1 688 710 1193 AND
2 1 687 1193 1194 XOR
2 1 693 710 1195 AND
2 1 692 1195 1196 XOR
2 1 696 710 1197 AND
2 1 695 1197 1198 XOR
2 1 200 710 1199 AND
2 1 136 1199 1200 XOR
1 1 192 1201 EQW
2 1 193 128 1202 XOR
2 1 194 752 1203 XOR
2 1 195 750 1204 XOR
2 1 196 746 1205 XOR
2 1 197 740 1206 XOR
2 1 198 732 1207 XOR
2 1 199 722 1208 XOR
2 1 200 710 1209 XOR
2 1 201 1200 1210 XOR
2 1 202 1198 1211 XOR
2 1 203 1196 1212 XOR
2 1 204 1194 1213 XOR
2 1 205 1192 1214 XOR
2 1 206 1190 1215 XOR
2 1 207 1188 1216 XOR
2 1 208 1186 1217 XOR
2 1 209 1184 1218 XOR
2 1 210 1180 1219 XOR
2 1 211 1176 1220 XOR
2 1 212 1172 1221 XOR
2 1 213 1168 1222 XOR
2 1 214 1164 1223 XOR
2 1 215 1160 1224 XOR
2 1 216 1156 1225 XOR
2 1 217 1152 1226 XOR
2 1 218 1146 1227 XOR
2 1 219 1140 1228 XOR
2 1 220 1134 1229 XOR
2 1 221 1128 1230 XOR
2 1 222 1122 1231 XOR
2 1 223 1116 1232 XOR
2 1 224 1110 1233 XOR
2 1 225 1104 1234 XOR
2 1 226 1096 1235 XOR
2 1 227 1088 1236 XOR
2 1 228 1080 1237 XOR
2 1 229 1072 1238 XOR
2 1 230 1064 1239 XOR
2 1 231 1056 1240 XOR
2 1 232 1048 1241 XOR
2 1 233 1040 1242 XOR
2 1 234 1030 1243 XOR
2 1 235 1020 1244 XOR
2 1 236 1010 1245 XOR
2 1 237 1000 1246 XOR
2 1 238 990 1247 XOR
2 1 239 980 1248 XOR
2 1 240 970 1249 XOR
2 1 241 960 1250 XOR
2 1 242 948 1251 XOR
2 1 243 936 1252 XOR
2 1 244 924 1253 XOR
2 1 245 912 1254 XOR
2 1 246 900 1255 XOR
2 1 247 888 1256 XOR
2 1 248 876 1257 XOR
2 1 249 864 1258 XOR
2 1 250 850 1259 XOR
2 1 251 836 1260 XOR
2 1 252 822 1261 XOR
2 1 253 808 1262 XOR
2 1 254 794 1263 XOR
2 1 255 780 1264 XOR
