183 215
2 16 16
1 16

2 1 0 16 32 AND
2 1 1 17 33 AND
2 1 2 18 34 AND
2 1 3 19 35 AND
2 1 4 20 36 AND
2 1 5 21 37 AND
2 1 6 22 38 AND
2 1 7 23 39 AND
2 1 8 24 40 AND
2 1 9 25 41 AND
2 1 10 26 42 AND
2 1 11 27 43 AND
2 1 12 28 44 AND
2 1 13 29 45 AND
2 1 14 30 46 AND
2 1 15 31 47 AND
2 1 0 16 48 XOR
2 1 1 17 49 XOR
2 1 2 18 50 XOR
2 1 3 19 51 XOR
2 1 4 20 52 XOR
2 1 5 21 53 XOR
2 1 6 22 54 XOR
2 1 7 23 55 XOR
2 1 8 24 56 XOR
2 1 9 25 57 XOR
2 1 10 26 58 XOR
2 1 11 27 59 XOR
2 1 12 28 60 XOR
2 1 13 29 61 XOR
2 1 14 30 62 XOR
2 1 15 31 63 XOR
2 1 63 46 64 AND
3 1 63 62 45 65 AND
2 1 64 65 66 XOR
4 1 63 62 61 44 67 AND
2 1 66 67 68 XOR
5 1 63 62 61 60 43 69 AND
2 1 68 69 70 XOR
6 1 63 62 61 60 59 42 71 AND
2 1 70 71 72 XOR
7 1 63 62 61 60 59 58 41 73 AND
2 1 72 73 74 XOR
8 1 63 62 61 60 59 58 57 40 75 AND
2 1 74 75 76 XOR
2 1 47 76 77 XOR
8 1 63 62 61 60 59 58 57 56 78 AND
2 1 62 45 79 AND
3 1 62 61 44 80 AND
2 1 79 80 81 XOR
4 1 62 61 60 43 82 AND
2 1 81 82 83 XOR
5 1 62 61 60 59 42 84 AND
2 1 83 84 85 XOR
6 1 62 61 60 59 58 41 86 AND
2 1 85 86 87 XOR
7 1 62 61 60 59 58 57 40 88 AND
2 1 87 88 89 XOR
2 1 46 89 90 XOR
7 1 62 61 60 59 58 57 56 91 AND
2 1 61 44 92 AND
3 1 61 60 43 93 AND
2 1 92 93 94 XOR
4 1 61 60 59 42 95 AND
2 1 94 95 96 XOR
5 1 61 60 59 58 41 97 AND
2 1 96 97 98 XOR
6 1 61 60 59 58 57 40 99 AND
2 1 98 99 100 XOR
2 1 45 100 101 XOR
6 1 61 60 59 58 57 56 102 AND
2 1 60 43 103 AND
3 1 60 59 42 104 AND
2 1 103 104 105 XOR
4 1 60 59 58 41 106 AND
2 1 105 106 107 XOR
5 1 60 59 58 57 40 108 AND
2 1 107 108 109 XOR
2 1 44 109 110 XOR
5 1 60 59 58 57 56 111 AND
2 1 59 42 112 AND
3 1 59 58 41 113 AND
2 1 112 113 114 XOR
4 1 59 58 57 40 115 AND
2 1 114 115 116 XOR
2 1 43 116 117 XOR
4 1 59 58 57 56 118 AND
2 1 58 41 119 AND
3 1 58 57 40 120 AND
2 1 119 120 121 XOR
2 1 42 121 122 XOR
3 1 58 57 56 123 AND
2 1 57 40 124 AND
2 1 41 124 125 XOR
2 1 57 56 126 AND
2 1 55 38 127 AND
3 1 55 54 37 128 AND
2 1 127 128 129 XOR
4 1 55 54 53 36 130 AND
2 1 129 130 131 XOR
5 1 55 54 53 52 35 132 AND
2 1 131 132 133 XOR
6 1 55 54 53 52 51 34 134 AND
2 1 133 134 135 XOR
7 1 55 54 53 52 51 50 33 136 AND
2 1 135 136 137 XOR
8 1 55 54 53 52 51 50 49 32 138 AND
2 1 137 138 139 XOR
2 1 39 139 140 XOR
2 1 54 37 141 AND
3 1 54 53 36 142 AND
2 1 141 142 143 XOR
4 1 54 53 52 35 144 AND
2 1 143 144 145 XOR
5 1 54 53 52 51 34 146 AND
2 1 145 146 147 XOR
6 1 54 53 52 51 50 33 148 AND
2 1 147 148 149 XOR
7 1 54 53 52 51 50 49 32 150 AND
2 1 149 150 151 XOR
2 1 38 151 152 XOR
2 1 53 36 153 AND
3 1 53 52 35 154 AND
2 1 153 154 155 XOR
4 1 53 52 51 34 156 AND
2 1 155 156 157 XOR
5 1 53 52 51 50 33 158 AND
2 1 157 158 159 XOR
6 1 53 52 51 50 49 32 160 AND
2 1 159 160 161 XOR
2 1 37 161 162 XOR
2 1 52 35 163 AND
3 1 52 51 34 164 AND
2 1 163 164 165 XOR
4 1 52 51 50 33 166 AND
2 1 165 166 167 XOR
5 1 52 51 50 49 32 168 AND
2 1 167 168 169 XOR
2 1 36 169 170 XOR
2 1 51 34 171 AND
3 1 51 50 33 172 AND
2 1 171 172 173 XOR
4 1 51 50 49 32 174 AND
2 1 173 174 175 XOR
2 1 35 175 176 XOR
2 1 50 33 177 AND
3 1 50 49 32 178 AND
2 1 177 178 179 XOR
2 1 34 179 180 XOR
2 1 49 32 181 AND
2 1 33 181 182 XOR
2 1 78 140 183 AND
2 1 77 183 184 XOR
2 1 91 140 185 AND
2 1 90 185 186 XOR
2 1 102 140 187 AND
2 1 101 187 188 XOR
2 1 111 140 189 AND
2 1 110 189 190 XOR
2 1 118 140 191 AND
2 1 117 191 192 XOR
2 1 123 140 193 AND
2 1 122 193 194 XOR
2 1 126 140 195 AND
2 1 125 195 196 XOR
2 1 56 140 197 AND
2 1 40 197 198 XOR
1 1 48 199 EQW
2 1 49 32 200 XOR
2 1 50 182 201 XOR
2 1 51 180 202 XOR
2 1 52 176 203 XOR
2 1 53 170 204 XOR
2 1 54 162 205 XOR
2 1 55 152 206 XOR
2 1 56 140 207 XOR
2 1 57 198 208 XOR
2 1 58 196 209 XOR
2 1 59 194 210 XOR
2 1 60 192 211 XOR
2 1 61 190 212 XOR
2 1 62 188 213 XOR
2 1 63 186 214 XOR
