437 501
2 32 32
1 32

2 1 0 32 64 AND
2 1 1 33 65 AND
2 1 2 34 66 AND
2 1 3 35 67 AND
2 1 4 36 68 AND
2 1 5 37 69 AND
2 1 6 38 70 AND
2 1 7 39 71 AND
2 1 8 40 72 AND
2 1 9 41 73 AND
2 1 10 42 74 AND
2 1 11 43 75 AND
2 1 12 44 76 AND
2 1 13 45 77 AND
2 1 14 46 78 AND
2 1 15 47 79 AND
2 1 16 48 80 AND
2 1 17 49 81 AND
2 1 18 50 82 AND
2 1 19 51 83 AND
2 1 20 52 84 AND
2 1 21 53 85 AND
2 1 22 54 86 AND
2 1 23 55 87 AND
2 1 24 56 88 AND
2 1 25 57 89 AND
2 1 26 58 90 AND
2 1 27 59 91 AND
2 1 28 60 92 AND
2 1 29 61 93 AND
2 1 30 62 94 AND
2 1 31 63 95 AND
2 1 0 32 96 XOR
2 1 1 33 97 XOR
2 1 2 34 98 XOR
2 1 3 35 99 XOR
2 1 4 36 100 XOR
2 1 5 37 101 XOR
2 1 6 38 102 XOR
2 1 7 39 103 XOR
2 1 8 40 104 XOR
2 1 9 41 105 XOR
2 1 10 42 106 XOR
2 1 11 43 107 XOR
2 1 12 44 108 XOR
2 1 13 45 109 XOR
2 1 14 46 110 XOR
2 1 15 47 111 XOR
2 1 16 48 112 XOR
2 1 17 49 113 XOR
2 1 18 50 114 XOR
2 1 19 51 115 XOR
2 1 20 52 116 XOR
2 1 21 53 117 XOR
2 1 22 54 118 XOR
2 1 23 55 119 XOR
2 1 24 56 120 XOR
2 1 25 57 121 XOR
2 1 26 58 122 XOR
2 1 27 59 123 XOR
2 1 28 60 124 XOR
2 1 29 61 125 XOR
2 1 30 62 126 XOR
2 1 31 63 127 XOR
2 1 127 94 128 AND
3 1 127 126 93 129 AND
2 1 128 129 130 XOR
4 1 127 126 125 92 131 AND
2 1 130 131 132 XOR
5 1 127 126 125 124 91 133 AND
2 1 132 133 134 XOR
6 1 127 126 125 124 123 90 135 AND
2 1 134 135 136 XOR
7 1 127 126 125 124 123 122 89 137 AND
2 1 136 137 138 XOR
8 1 127 126 125 124 123 122 121 88 139 AND
2 1 138 139 140 XOR
2 1 95 140 141 XOR
8 1 127 126 125 124 123 122 121 120 142 AND
2 1 126 93 143 AND
3 1 126 125 92 144 AND
2 1 143 144 145 XOR
4 1 126 125 124 91 146 AND
2 1 145 146 147 XOR
5 1 126 125 124 123 90 148 AND
2 1 147 148 149 XOR
6 1 126 125 124 123 122 89 150 AND
2 1 149 150 151 XOR
7 1 126 125 124 123 122 121 88 152 AND
2 1 151 152 153 XOR
2 1 94 153 154 XOR
7 1 126 125 124 123 122 121 120 155 AND
2 1 125 92 156 AND
3 1 125 124 91 157 AND
2 1 156 157 158 XOR
4 1 125 124 123 90 159 AND
2 1 158 159 160 XOR
5 1 125 124 123 122 89 161 AND
2 1 160 161 162 XOR
6 1 125 124 123 122 121 88 163 AND
2 1 162 163 164 XOR
2 1 93 164 165 XOR
6 1 125 124 123 122 121 120 166 AND
2 1 124 91 167 AND
3 1 124 123 90 168 AND
2 1 167 168 169 XOR
4 1 124 123 122 89 170 AND
2 1 169 170 171 XOR
5 1 124 123 122 121 88 172 AND
2 1 171 172 173 XOR
2 1 92 173 174 XOR
5 1 124 123 122 121 120 175 AND
2 1 123 90 176 AND
3 1 123 122 89 177 AND
2 1 176 177 178 XOR
4 1 123 122 121 88 179 AND
2 1 178 179 180 XOR
2 1 91 180 181 XOR
4 1 123 122 121 120 182 AND
2 1 122 89 183 AND
3 1 122 121 88 184 AND
2 1 183 184 185 XOR
2 1 90 185 186 XOR
3 1 122 121 120 187 AND
2 1 121 88 188 AND
2 1 89 188 189 XOR
2 1 121 120 190 AND
2 1 119 86 191 AND
3 1 119 118 85 192 AND
2 1 191 192 193 XOR
4 1 119 118 117 84 194 AND
2 1 193 194 195 XOR
5 1 119 118 117 116 83 196 AND
2 1 195 196 197 XOR
6 1 119 118 117 116 115 82 198 AND
2 1 197 198 199 XOR
7 1 119 118 117 116 115 114 81 200 AND
2 1 199 200 201 XOR
8 1 119 118 117 116 115 114 113 80 202 AND
2 1 201 202 203 XOR
2 1 87 203 204 XOR
8 1 119 118 117 116 115 114 113 112 205 AND
2 1 118 85 206 AND
3 1 118 117 84 207 AND
2 1 206 207 208 XOR
4 1 118 117 116 83 209 AND
2 1 208 209 210 XOR
5 1 118 117 116 115 82 211 AND
2 1 210 211 212 XOR
6 1 118 117 116 115 114 81 213 AND
2 1 212 213 214 XOR
7 1 118 117 116 115 114 113 80 215 AND
2 1 214 215 216 XOR
2 1 86 216 217 XOR
7 1 118 117 116 115 114 113 112 218 AND
2 1 117 84 219 AND
3 1 117 116 83 220 AND
2 1 219 220 221 XOR
4 1 117 116 115 82 222 AND
2 1 221 222 223 XOR
5 1 117 116 115 114 81 224 AND
2 1 223 224 225 XOR
6 1 117 116 115 114 113 80 226 AND
2 1 225 226 227 XOR
2 1 85 227 228 XOR
6 1 117 116 115 114 113 112 229 AND
2 1 116 83 230 AND
3 1 116 115 82 231 AND
2 1 230 231 232 XOR
4 1 116 115 114 81 233 AND
2 1 232 233 234 XOR
5 1 116 115 114 113 80 235 AND
2 1 234 235 236 XOR
2 1 84 236 237 XOR
5 1 116 115 114 113 112 238 AND
2 1 115 82 239 AND
3 1 115 114 81 240 AND
2 1 239 240 241 XOR
4 1 115 114 113 80 242 AND
2 1 241 242 243 XOR
2 1 83 243 244 XOR
4 1 115 114 113 112 245 AND
2 1 114 81 246 AND
3 1 114 113 80 247 AND
2 1 246 247 248 XOR
2 1 82 248 249 XOR
3 1 114 113 112 250 AND
2 1 113 80 251 AND
2 1 81 251 252 XOR
2 1 113 112 253 AND
2 1 111 78 254 AND
3 1 111 110 77 255 AND
2 1 254 255 256 XOR
4 1 111 110 109 76 257 AND
2 1 256 257 258 XOR
5 1 111 110 109 108 75 259 AND
2 1 258 259 260 XOR
6 1 111 110 109 108 107 74 261 AND
2 1 260 261 262 XOR
7 1 111 110 109 108 107 106 73 263 AND
2 1 262 263 264 XOR
8 1 111 110 109 108 107 106 105 72 265 AND
2 1 264 265 266 XOR
2 1 79 266 267 XOR
8 1 111 110 109 108 107 106 105 104 268 AND
2 1 110 77 269 AND
3 1 110 109 76 270 AND
2 1 269 270 271 XOR
4 1 110 109 108 75 272 AND
2 1 271 272 273 XOR
5 1 110 109 108 107 74 274 AND
2 1 273 274 275 XOR
6 1 110 109 108 107 106 73 276 AND
2 1 275 276 277 XOR
7 1 110 109 108 107 106 105 72 278 AND
2 1 277 278 279 XOR
2 1 78 279 280 XOR
7 1 110 109 108 107 106 105 104 281 AND
2 1 109 76 282 AND
3 1 109 108 75 283 AND
2 1 282 283 284 XOR
4 1 109 108 107 74 285 AND
2 1 284 285 286 XOR
5 1 109 108 107 106 73 287 AND
2 1 286 287 288 XOR
6 1 109 108 107 106 105 72 289 AND
2 1 288 289 290 XOR
2 1 77 290 291 XOR
6 1 109 108 107 106 105 104 292 AND
2 1 108 75 293 AND
3 1 108 107 74 294 AND
2 1 293 294 295 XOR
4 1 108 107 106 73 296 AND
2 1 295 296 297 XOR
5 1 108 107 106 105 72 298 AND
2 1 297 298 299 XOR
2 1 76 299 300 XOR
5 1 108 107 106 105 104 301 AND
2 1 107 74 302 AND
3 1 107 106 73 303 AND
2 1 302 303 304 XOR
4 1 107 106 105 72 305 AND
2 1 304 305 306 XOR
2 1 75 306 307 XOR
4 1 107 106 105 104 308 AND
2 1 106 73 309 AND
3 1 106 105 72 310 AND
2 1 309 310 311 XOR
2 1 74 311 312 XOR
3 1 106 105 104 313 AND
2 1 105 72 314 AND
2 1 73 314 315 XOR
2 1 105 104 316 AND
2 1 103 70 317 AND
3 1 103 102 69 318 AND
2 1 317 318 319 XOR
4 1 103 102 101 68 320 AND
2 1 319 320 321 XOR
5 1 103 102 101 100 67 322 AND
2 1 321 322 323 XOR
6 1 103 102 101 100 99 66 324 AND
2 1 323 324 325 XOR
7 1 103 102 101 100 99 98 65 326 AND
2 1 325 326 327 XOR
8 1 103 102 101 100 99 98 97 64 328 AND
2 1 327 328 329 XOR
2 1 71 329 330 XOR
2 1 102 69 331 AND
3 1 102 101 68 332 AND
2 1 331 332 333 XOR
4 1 102 101 100 67 334 AND
2 1 333 334 335 XOR
5 1 102 101 100 99 66 336 AND
2 1 335 336 337 XOR
6 1 102 101 100 99 98 65 338 AND
2 1 337 338 339 XOR
7 1 102 101 100 99 98 97 64 340 AND
2 1 339 340 341 XOR
2 1 70 341 342 XOR
2 1 101 68 343 AND
3 1 101 100 67 344 AND
2 1 343 344 345 XOR
4 1 101 100 99 66 346 AND
2 1 345 346 347 XOR
5 1 101 100 99 98 65 348 AND
2 1 347 348 349 XOR
6 1 101 100 99 98 97 64 350 AND
2 1 349 350 351 XOR
2 1 69 351 352 XOR
2 1 100 67 353 AND
3 1 100 99 66 354 AND
2 1 353 354 355 XOR
4 1 100 99 98 65 356 AND
2 1 355 356 357 XOR
5 1 100 99 98 97 64 358 AND
2 1 357 358 359 XOR
2 1 68 359 360 XOR
2 1 99 66 361 AND
3 1 99 98 65 362 AND
2 1 361 362 363 XOR
4 1 99 98 97 64 364 AND
2 1 363 364 365 XOR
2 1 67 365 366 XOR
2 1 98 65 367 AND
3 1 98 97 64 368 AND
2 1 367 368 369 XOR
2 1 66 369 370 XOR
2 1 97 64 371 AND
2 1 65 371 372 XOR
2 1 142 204 373 AND
3 1 142 205 267 374 AND
2 1 373 374 375 XOR
4 1 142 205 268 330 376 AND
2 1 375 376 377 XOR
2 1 141 377 378 XOR
2 1 155 204 379 AND
3 1 155 205 267 380 AND
2 1 379 380 381 XOR
4 1 155 205 268 330 382 AND
2 1 381 382 383 XOR
2 1 154 383 384 XOR
2 1 166 204 385 AND
3 1 166 205 267 386 AND
2 1 385 386 387 XOR
4 1 166 205 268 330 388 AND
2 1 387 388 389 XOR
2 1 165 389 390 XOR
2 1 175 204 391 AND
3 1 175 205 267 392 AND
2 1 391 392 393 XOR
4 1 175 205 268 330 394 AND
2 1 393 394 395 XOR
2 1 174 395 396 XOR
2 1 182 204 397 AND
3 1 182 205 267 398 AND
2 1 397 398 399 XOR
4 1 182 205 268 330 400 AND
2 1 399 400 401 XOR
2 1 181 401 402 XOR
2 1 187 204 403 AND
3 1 187 205 267 404 AND
2 1 403 404 405 XOR
4 1 187 205 268 330 406 AND
2 1 405 406 407 XOR
2 1 186 407 408 XOR
2 1 190 204 409 AND
3 1 190 205 267 410 AND
2 1 409 410 411 XOR
4 1 190 205 268 330 412 AND
2 1 411 412 413 XOR
2 1 189 413 414 XOR
2 1 120 204 415 AND
3 1 120 205 267 416 AND
2 1 415 416 417 XOR
4 1 120 205 268 330 418 AND
2 1 417 418 419 XOR
2 1 88 419 420 XOR
2 1 205 267 421 AND
3 1 205 268 330 422 AND
2 1 421 422 423 XOR
2 1 204 423 424 XOR
2 1 218 267 425 AND
3 1 218 268 330 426 AND
2 1 425 426 427 XOR
2 1 217 427 428 XOR
2 1 229 267 429 AND
3 1 229 268 330 430 AND
2 1 429 430 431 XOR
2 1 228 431 432 XOR
2 1 238 267 433 AND
3 1 238 268 330 434 AND
2 1 433 434 435 XOR
2 1 237 435 436 XOR
2 1 245 267 437 AND
3 1 245 268 330 438 AND
2 1 437 438 439 XOR
2 1 244 439 440 XOR
2 1 250 267 441 AND
3 1 250 268 330 442 AND
2 1 441 442 443 XOR
2 1 249 443 444 XOR
2 1 253 267 445 AND
3 1 253 268 330 446 AND
2 1 445 446 447 XOR
2 1 252 447 448 XOR
2 1 112 267 449 AND
3 1 112 268 330 450 AND
2 1 449 450 451 XOR
2 1 80 451 452 XOR
2 1 268 330 453 AND
2 1 267 453 454 XOR
2 1 281 330 455 AND
2 1 280 455 456 XOR
2 1 292 330 457 AND
2 1 291 457 458 XOR
2 1 301 330 459 AND
2 1 300 459 460 XOR
2 1 308 330 461 AND
2 1 307 461 462 XOR
2 1 313 330 463 AND
2 1 312 463 464 XOR
2 1 316 330 465 AND
2 1 315 465 466 XOR
2 1 104 330 467 AND
2 1 72 467 468 XOR
1 1 96 469 EQW
2 1 97 64 470 XOR
2 1 98 372 471 XOR
2 1 99 370 472 XOR
2 1 100 366 473 XOR
2 1 101 360 474 XOR
2 1 102 352 475 XOR
2 1 103 342 476 XOR
2 1 104 330 477 XOR
2 1 105 468 478 XOR
2 1 106 466 479 XOR
2 1 107 464 480 XOR
2 1 108 462 481 XOR
2 1 109 460 482 XOR
2 1 110 458 483 XOR
2 1 111 456 484 XOR
2 1 112 454 485 XOR
2 1 113 452 486 XOR
2 1 114 448 487 XOR
2 1 115 444 488 XOR
2 1 116 440 489 XOR
2 1 117 436 490 XOR
2 1 118 432 491 XOR
2 1 119 428 492 XOR
2 1 120 424 493 XOR
2 1 121 420 494 XOR
2 1 122 414 495 XOR
2 1 123 408 496 XOR
2 1 124 402 497 XOR
2 1 125 396 498 XOR
2 1 126 390 499 XOR
2 1 127 384 500 XOR
