127 175
3 16 16 16
1 1

2 1 16 32 48 XOR
2 1 17 32 49 XOR
2 1 18 32 50 XOR
2 1 19 32 51 XOR
2 1 20 32 52 XOR
2 1 21 32 53 XOR
2 1 22 32 54 XOR
2 1 23 32 55 XOR
2 1 24 32 56 XOR
2 1 25 32 57 XOR
2 1 26 32 58 XOR
2 1 27 32 59 XOR
2 1 28 32 60 XOR
2 1 29 32 61 XOR
2 1 30 32 62 XOR
2 1 31 32 63 XOR
2 1 0 16 64 XOR
2 1 1 17 65 XOR
2 1 2 18 66 XOR
2 1 3 19 67 XOR
2 1 4 20 68 XOR
2 1 5 21 69 XOR
2 1 6 22 70 XOR
2 1 7 23 71 XOR
2 1 8 24 72 XOR
2 1 9 25 73 XOR
2 1 10 26 74 XOR
2 1 11 27 75 XOR
2 1 12 28 76 XOR
2 1 13 29 77 XOR
2 1 14 30 78 XOR
2 1 15 31 79 XOR
2 1 64 32 80 XOR
2 1 65 32 81 XOR
2 1 66 32 82 XOR
2 1 67 32 83 XOR
2 1 68 32 84 XOR
2 1 69 32 85 XOR
2 1 70 32 86 XOR
2 1 71 32 87 XOR
2 1 72 32 88 XOR
2 1 73 32 89 XOR
2 1 74 32 90 XOR
2 1 75 32 91 XOR
2 1 76 32 92 XOR
2 1 77 32 93 XOR
2 1 78 32 94 XOR
2 1 79 32 95 XOR
2 1 0 48 96 AND
2 1 1 49 97 AND
2 1 2 50 98 AND
2 1 3 51 99 AND
2 1 4 52 100 AND
2 1 5 53 101 AND
2 1 6 54 102 AND
2 1 7 55 103 AND
2 1 8 56 104 AND
2 1 9 57 105 AND
2 1 10 58 106 AND
2 1 11 59 107 AND
2 1 12 60 108 AND
2 1 13 61 109 AND
2 1 14 62 110 AND
2 1 15 63 111 AND
2 1 81 80 112 AND
2 1 83 82 113 AND
2 1 85 84 114 AND
2 1 87 86 115 AND
2 1 89 88 116 AND
2 1 91 90 117 AND
2 1 93 92 118 AND
2 1 95 94 119 AND
2 1 113 112 120 AND
2 1 113 81 121 AND
2 1 115 114 122 AND
2 1 115 85 123 AND
2 1 117 116 124 AND
2 1 117 89 125 AND
2 1 119 118 126 AND
2 1 119 93 127 AND
2 1 122 120 128 AND
2 1 122 121 129 AND
2 1 122 113 130 AND
2 1 122 83 131 AND
2 1 126 124 132 AND
2 1 126 125 133 AND
2 1 126 117 134 AND
2 1 126 91 135 AND
2 1 132 128 136 AND
2 1 132 129 137 AND
2 1 132 130 138 AND
2 1 132 131 139 AND
2 1 132 122 140 AND
2 1 132 123 141 AND
2 1 132 115 142 AND
2 1 132 87 143 AND
2 1 96 137 144 AND
2 1 97 138 145 AND
2 1 98 139 146 AND
2 1 99 140 147 AND
2 1 100 141 148 AND
2 1 101 142 149 AND
2 1 102 143 150 AND
2 1 103 132 151 AND
2 1 104 133 152 AND
2 1 105 134 153 AND
2 1 106 135 154 AND
2 1 107 126 155 AND
2 1 108 127 156 AND
2 1 109 119 157 AND
2 1 110 95 158 AND
1 1 95 159 EQW
2 1 144 145 160 XOR
2 1 160 146 161 XOR
2 1 161 147 162 XOR
2 1 162 148 163 XOR
2 1 163 149 164 XOR
2 1 164 150 165 XOR
2 1 165 151 166 XOR
2 1 166 152 167 XOR
2 1 167 153 168 XOR
2 1 168 154 169 XOR
2 1 169 155 170 XOR
2 1 170 156 171 XOR
2 1 171 157 172 XOR
2 1 172 158 173 XOR
2 1 173 159 174 XOR
