271 367
3 32 32 32
1 1

2 1 32 64 96 XOR
2 1 33 64 97 XOR
2 1 34 64 98 XOR
2 1 35 64 99 XOR
2 1 36 64 100 XOR
2 1 37 64 101 XOR
2 1 38 64 102 XOR
2 1 39 64 103 XOR
2 1 40 64 104 XOR
2 1 41 64 105 XOR
2 1 42 64 106 XOR
2 1 43 64 107 XOR
2 1 44 64 108 XOR
2 1 45 64 109 XOR
2 1 46 64 110 XOR
2 1 47 64 111 XOR
2 1 48 64 112 XOR
2 1 49 64 113 XOR
2 1 50 64 114 XOR
2 1 51 64 115 XOR
2 1 52 64 116 XOR
2 1 53 64 117 XOR
2 1 54 64 118 XOR
2 1 55 64 119 XOR
2 1 56 64 120 XOR
2 1 57 64 121 XOR
2 1 58 64 122 XOR
2 1 59 64 123 XOR
2 1 60 64 124 XOR
2 1 61 64 125 XOR
2 1 62 64 126 XOR
2 1 63 64 127 XOR
2 1 0 32 128 XOR
2 1 1 33 129 XOR
2 1 2 34 130 XOR
2 1 3 35 131 XOR
2 1 4 36 132 XOR
2 1 5 37 133 XOR
2 1 6 38 134 XOR
2 1 7 39 135 XOR
2 1 8 40 136 XOR
2 1 9 41 137 XOR
2 1 10 42 138 XOR
2 1 11 43 139 XOR
2 1 12 44 140 XOR
2 1 13 45 141 XOR
2 1 14 46 142 XOR
2 1 15 47 143 XOR
2 1 16 48 144 XOR
2 1 17 49 145 XOR
2 1 18 50 146 XOR
2 1 19 51 147 XOR
2 1 20 52 148 XOR
2 1 21 53 149 XOR
2 1 22 54 150 XOR
2 1 23 55 151 XOR
2 1 24 56 152 XOR
2 1 25 57 153 XOR
2 1 26 58 154 XOR
2 1 27 59 155 XOR
2 1 28 60 156 XOR
2 1 29 61 157 XOR
2 1 30 62 158 XOR
2 1 31 63 159 XOR
2 1 128 64 160 XOR
2 1 129 64 161 XOR
2 1 130 64 162 XOR
2 1 131 64 163 XOR
2 1 132 64 164 XOR
2 1 133 64 165 XOR
2 1 134 64 166 XOR
2 1 135 64 167 XOR
2 1 136 64 168 XOR
2 1 137 64 169 XOR
2 1 138 64 170 XOR
2 1 139 64 171 XOR
2 1 140 64 172 XOR
2 1 141 64 173 XOR
2 1 142 64 174 XOR
2 1 143 64 175 XOR
2 1 144 64 176 XOR
2 1 145 64 177 XOR
2 1 146 64 178 XOR
2 1 147 64 179 XOR
2 1 148 64 180 XOR
2 1 149 64 181 XOR
2 1 150 64 182 XOR
2 1 151 64 183 XOR
2 1 152 64 184 XOR
2 1 153 64 185 XOR
2 1 154 64 186 XOR
2 1 155 64 187 XOR
2 1 156 64 188 XOR
2 1 157 64 189 XOR
2 1 158 64 190 XOR
2 1 159 64 191 XOR
2 1 0 96 192 AND
2 1 1 97 193 AND
2 1 2 98 194 AND
2 1 3 99 195 AND
2 1 4 100 196 AND
2 1 5 101 197 AND
2 1 6 102 198 AND
2 1 7 103 199 AND
2 1 8 104 200 AND
2 1 9 105 201 AND
2 1 10 106 202 AND
2 1 11 107 203 AND
2 1 12 108 204 AND
2 1 13 109 205 AND
2 1 14 110 206 AND
2 1 15 111 207 AND
2 1 16 112 208 AND
2 1 17 113 209 AND
2 1 18 114 210 AND
2 1 19 115 211 AND
2 1 20 116 212 AND
2 1 21 117 213 AND
2 1 22 118 214 AND
2 1 23 119 215 AND
2 1 24 120 216 AND
2 1 25 121 217 AND
2 1 26 122 218 AND
2 1 27 123 219 AND
2 1 28 124 220 AND
2 1 29 125 221 AND
2 1 30 126 222 AND
2 1 31 127 223 AND
2 1 161 160 224 AND
2 1 163 162 225 AND
2 1 165 164 226 AND
2 1 167 166 227 AND
2 1 169 168 228 AND
2 1 171 170 229 AND
2 1 173 172 230 AND
2 1 175 174 231 AND
2 1 177 176 232 AND
2 1 179 178 233 AND
2 1 181 180 234 AND
2 1 183 182 235 AND
2 1 185 184 236 AND
2 1 187 186 237 AND
2 1 189 188 238 AND
2 1 191 190 239 AND
2 1 225 224 240 AND
2 1 225 161 241 AND
2 1 227 226 242 AND
2 1 227 165 243 AND
2 1 229 228 244 AND
2 1 229 169 245 AND
2 1 231 230 246 AND
2 1 231 173 247 AND
2 1 233 232 248 AND
2 1 233 177 249 AND
2 1 235 234 250 AND
2 1 235 181 251 AND
2 1 237 236 252 AND
2 1 237 185 253 AND
2 1 239 238 254 AND
2 1 239 189 255 AND
2 1 242 240 256 AND
2 1 242 241 257 AND
2 1 242 225 258 AND
2 1 242 163 259 AND
2 1 246 244 260 AND
2 1 246 245 261 AND
2 1 246 229 262 AND
2 1 246 171 263 AND
2 1 250 248 264 AND
2 1 250 249 265 AND
2 1 250 233 266 AND
2 1 250 179 267 AND
2 1 254 252 268 AND
2 1 254 253 269 AND
2 1 254 237 270 AND
2 1 254 187 271 AND
2 1 260 256 272 AND
2 1 260 257 273 AND
2 1 260 258 274 AND
2 1 260 259 275 AND
2 1 260 242 276 AND
2 1 260 243 277 AND
2 1 260 227 278 AND
2 1 260 167 279 AND
2 1 268 264 280 AND
2 1 268 265 281 AND
2 1 268 266 282 AND
2 1 268 267 283 AND
2 1 268 250 284 AND
2 1 268 251 285 AND
2 1 268 235 286 AND
2 1 268 183 287 AND
2 1 280 272 288 AND
2 1 280 273 289 AND
2 1 280 274 290 AND
2 1 280 275 291 AND
2 1 280 276 292 AND
2 1 280 277 293 AND
2 1 280 278 294 AND
2 1 280 279 295 AND
2 1 280 260 296 AND
2 1 280 261 297 AND
2 1 280 262 298 AND
2 1 280 263 299 AND
2 1 280 246 300 AND
2 1 280 247 301 AND
2 1 280 231 302 AND
2 1 280 175 303 AND
2 1 192 289 304 AND
2 1 193 290 305 AND
2 1 194 291 306 AND
2 1 195 292 307 AND
2 1 196 293 308 AND
2 1 197 294 309 AND
2 1 198 295 310 AND
2 1 199 296 311 AND
2 1 200 297 312 AND
2 1 201 298 313 AND
2 1 202 299 314 AND
2 1 203 300 315 AND
2 1 204 301 316 AND
2 1 205 302 317 AND
2 1 206 303 318 AND
2 1 207 280 319 AND
2 1 208 281 320 AND
2 1 209 282 321 AND
2 1 210 283 322 AND
2 1 211 284 323 AND
2 1 212 285 324 AND
2 1 213 286 325 AND
2 1 214 287 326 AND
2 1 215 268 327 AND
2 1 216 269 328 AND
2 1 217 270 329 AND
2 1 218 271 330 AND
2 1 219 254 331 AND
2 1 220 255 332 AND
2 1 221 239 333 AND
2 1 222 191 334 AND
1 1 191 335 EQW
2 1 304 305 336 XOR
2 1 336 306 337 XOR
2 1 337 307 338 XOR
2 1 338 308 339 XOR
2 1 339 309 340 XOR
2 1 340 310 341 XOR
2 1 341 311 342 XOR
2 1 342 312 343 XOR
2 1 343 313 344 XOR
2 1 344 314 345 XOR
2 1 345 315 346 XOR
2 1 346 316 347 XOR
2 1 347 317 348 XOR
2 1 348 318 349 XOR
2 1 349 319 350 XOR
2 1 350 320 351 XOR
2 1 351 321 352 XOR
2 1 352 322 353 XOR
2 1 353 323 354 XOR
2 1 354 324 355 XOR
2 1 355 325 356 XOR
2 1 356 326 357 XOR
2 1 357 327 358 XOR
2 1 358 328 359 XOR
2 1 359 329 360 XOR
2 1 360 330 361 XOR
2 1 361 331 362 XOR
2 1 362 332 363 XOR
2 1 363 333 364 XOR
2 1 364 334 365 XOR
2 1 365 335 366 XOR
