575 767
3 64 64 64
1 1

2 1 64 128 192 XOR
2 1 65 128 193 XOR
2 1 66 128 194 XOR
2 1 67 128 195 XOR
2 1 68 128 196 XOR
2 1 69 128 197 XOR
2 1 70 128 198 XOR
2 1 71 128 199 XOR
2 1 72 128 200 XOR
2 1 73 128 201 XOR
2 1 74 128 202 XOR
2 1 75 128 203 XOR
2 1 76 128 204 XOR
2 1 77 128 205 XOR
2 1 78 128 206 XOR
2 1 79 128 207 XOR
2 1 80 128 208 XOR
2 1 81 128 209 XOR
2 1 82 128 210 XOR
2 1 83 128 211 XOR
2 1 84 128 212 XOR
2 1 85 128 213 XOR
2 1 86 128 214 XOR
2 1 87 128 215 XOR
2 1 88 128 216 XOR
2 1 89 128 217 XOR
2 1 90 128 218 XOR
2 1 91 128 219 XOR
2 1 92 128 220 XOR
2 1 93 128 221 XOR
2 1 94 128 222 XOR
2 1 95 128 223 XOR
2 1 96 128 224 XOR
2 1 97 128 225 XOR
2 1 98 128 226 XOR
2 1 99 128 227 XOR
2 1 100 128 228 XOR
2 1 101 128 229 XOR
2 1 102 128 230 XOR
2 1 103 128 231 XOR
2 1 104 128 232 XOR
2 1 105 128 233 XOR
2 1 106 128 234 XOR
2 1 107 128 235 XOR
2 1 108 128 236 XOR
2 1 109 128 237 XOR
2 1 110 128 238 XOR
2 1 111 128 239 XOR
2 1 112 128 240 XOR
2 1 113 128 241 XOR
2 1 114 128 242 XOR
2 1 115 128 243 XOR
2 1 116 128 244 XOR
2 1 117 128 245 XOR
2 1 118 128 246 XOR
2 1 119 128 247 XOR
2 1 120 128 248 XOR
2 1 121 128 249 XOR
2 1 122 128 250 XOR
2 1 123 128 251 XOR
2 1 124 128 252 XOR
2 1 125 128 253 XOR
2 1 126 128 254 XOR
2 1 127 128 255 XOR
2 1 0 64 256 XOR
2 1 1 65 257 XOR
2 1 2 66 258 XOR
2 1 3 67 259 XOR
2 1 4 68 260 XOR
2 1 5 69 261 XOR
2 1 6 70 262 XOR
2 1 7 71 263 XOR
2 1 8 72 264 XOR
2 1 9 73 265 XOR
2 1 10 74 266 XOR
2 1 11 75 267 XOR
2 1 12 76 268 XOR
2 1 13 77 269 XOR
2 1 14 78 270 XOR
2 1 15 79 271 XOR
2 1 16 80 272 XOR
2 1 17 81 273 XOR
2 1 18 82 274 XOR
2 1 19 83 275 XOR
2 1 20 84 276 XOR
2 1 21 85 277 XOR
2 1 22 86 278 XOR
2 1 23 87 279 XOR
2 1 24 88 280 XOR
2 1 25 89 281 XOR
2 1 26 90 282 XOR
2 1 27 91 283 XOR
2 1 28 92 284 XOR
2 1 29 93 285 XOR
2 1 30 94 286 XOR
2 1 31 95 287 XOR
2 1 32 96 288 XOR
2 1 33 97 289 XOR
2 1 34 98 290 XOR
2 1 35 99 291 XOR
2 1 36 100 292 XOR
2 1 37 101 293 XOR
2 1 38 102 294 XOR
2 1 39 103 295 XOR
2 1 40 104 296 XOR
2 1 41 105 297 XOR
2 1 42 106 298 XOR
2 1 43 107 299 XOR
2 1 44 108 300 XOR
2 1 45 109 301 XOR
2 1 46 110 302 XOR
2 1 47 111 303 XOR
2 1 48 112 304 XOR
2 1 49 113 305 XOR
2 1 50 114 306 XOR
2 1 51 115 307 XOR
2 1 52 116 308 XOR
2 1 53 117 309 XOR
2 1 54 118 310 XOR
2 1 55 119 311 XOR
2 1 56 120 312 XOR
2 1 57 121 313 XOR
2 1 58 122 314 XOR
2 1 59 123 315 XOR
2 1 60 124 316 XOR
2 1 61 125 317 XOR
2 1 62 126 318 XOR
2 1 63 127 319 XOR
2 1 256 128 320 XOR
2 1 257 128 321 XOR
2 1 258 128 322 XOR
2 1 259 128 323 XOR
2 1 260 128 324 XOR
2 1 261 128 325 XOR
2 1 262 128 326 XOR
2 1 263 128 327 XOR
2 1 264 128 328 XOR
2 1 265 128 329 XOR
2 1 266 128 330 XOR
2 1 267 128 331 XOR
2 1 268 128 332 XOR
2 1 269 128 333 XOR
2 1 270 128 334 XOR
2 1 271 128 335 XOR
2 1 272 128 336 XOR
2 1 273 128 337 XOR
2 1 274 128 338 XOR
2 1 275 128 339 XOR
2 1 276 128 340 XOR
2 1 277 128 341 XOR
2 1 278 128 342 XOR
2 1 279 128 343 XOR
2 1 280 128 344 XOR
2 1 281 128 345 XOR
2 1 282 128 346 XOR
2 1 283 128 347 XOR
2 1 284 128 348 XOR
2 1 285 128 349 XOR
2 1 286 128 350 XOR
2 1 287 128 351 XOR
2 1 288 128 352 XOR
2 1 289 128 353 XOR
2 1 290 128 354 XOR
2 1 291 128 355 XOR
2 1 292 128 356 XOR
2 1 293 128 357 XOR
2 1 294 128 358 XOR
2 1 295 128 359 XOR
2 1 296 128 360 XOR
2 1 297 128 361 XOR
2 1 298 128 362 XOR
2 1 299 128 363 XOR
2 1 300 128 364 XOR
2 1 301 128 365 XOR
2 1 302 128 366 XOR
2 1 303 128 367 XOR
2 1 304 128 368 XOR
2 1 305 128 369 XOR
2 1 306 128 370 XOR
2 1 307 128 371 XOR
2 1 308 128 372 XOR
2 1 309 128 373 XOR
2 1 310 128 374 XOR
2 1 311 128 375 XOR
2 1 312 128 376 XOR
2 1 313 128 377 XOR
2 1 314 128 378 XOR
2 1 315 128 379 XOR
2 1 316 128 380 XOR
2 1 317 128 381 XOR
2 1 318 128 382 XOR
2 1 319 128 383 XOR
2 1 0 192 384 AND
2 1 1 193 385 AND
2 1 2 194 386 AND
2 1 3 195 387 AND
2 1 4 196 388 AND
2 1 5 197 389 AND
2 1 6 198 390 AND
2 1 7 199 391 AND
2 1 8 200 392 AND
2 1 9 201 393 AND
2 1 10 202 394 AND
2 1 11 203 395 AND
2 1 12 204 396 AND
2 1 13 205 397 AND
2 1 14 206 398 AND
2 1 15 207 399 AND
2 1 16 208 400 AND
2 1 17 209 401 AND
2 1 18 210 402 AND
2 1 19 211 403 AND
2 1 20 212 404 AND
2 1 21 213 405 AND
2 1 22 214 406 AND
2 1 23 215 407 AND
2 1 24 216 408 AND
2 1 25 217 409 AND
2 1 26 218 410 AND
2 1 27 219 411 AND
2 1 28 220 412 AND
2 1 29 221 413 AND
2 1 30 222 414 AND
2 1 31 223 415 AND
2 1 32 224 416 AND
2 1 33 225 417 AND
2 1 34 226 418 AND
2 1 35 227 419 AND
2 1 36 228 420 AND
2 1 37 229 421 AND
2 1 38 230 422 AND
2 1 39 231 423 AND
2 1 40 232 424 AND
2 1 41 233 425 AND
2 1 42 234 426 AND
2 1 43 235 427 AND
2 1 44 236 428 AND
2 1 45 237 429 AND
2 1 46 238 430 AND
2 1 47 239 431 AND
2 1 48 240 432 AND
2 1 49 241 433 AND
2 1 50 242 434 AND
2 1 51 243 435 AND
2 1 52 244 436 AND
2 1 53 245 437 AND
2 1 54 246 438 AND
2 1 55 247 439 AND
2 1 56 248 440 AND
2 1 57 249 441 AND
2 1 58 250 442 AND
2 1 59 251 443 AND
2 1 60 252 444 AND
2 1 61 253 445 AND
2 1 62 254 446 AND
2 1 63 255 447 AND
2 1 321 320 448 AND
2 1 323 322 449 AND
2 1 325 324 450 AND
2 1 327 326 451 AND
2 1 329 328 452 AND
2 1 331 330 453 AND
2 1 333 332 454 AND
2 1 335 334 455 AND
2 1 337 336 456 AND
2 1 339 338 457 AND
2 1 341 340 458 AND
2 1 343 342 459 AND
2 1 345 344 460 AND
2 1 347 346 461 AND
2 1 349 348 462 AND
2 1 351 350 463 AND
2 1 353 352 464 AND
2 1 355 354 465 AND
2 1 357 356 466 AND
2 1 359 358 467 AND
2 1 361 360 468 AND
2 1 363 362 469 AND
2 1 365 364 470 AND
2 1 367 366 471 AND
2 1 369 368 472 AND
2 1 371 370 473 AND
2 1 373 372 474 AND
2 1 375 374 475 AND
2 1 377 376 476 AND
2 1 379 378 477 AND
2 1 381 380 478 AND
2 1 383 382 479 AND
2 1 449 448 480 AND
2 1 449 321 481 AND
2 1 451 450 482 AND
2 1 451 325 483 AND
2 1 453 452 484 AND
2 1 453 329 485 AND
2 1 455 454 486 AND
2 1 455 333 487 AND
2 1 457 456 488 AND
2 1 457 337 489 AND
2 1 459 458 490 AND
2 1 459 341 491 AND
2 1 461 460 492 AND
2 1 461 345 493 AND
2 1 463 462 494 AND
2 1 463 349 495 AND
2 1 465 464 496 AND
2 1 465 353 497 AND
2 1 467 466 498 AND
2 1 467 357 499 AND
2 1 469 468 500 AND
2 1 469 361 501 AND
2 1 471 470 502 AND
2 1 471 365 503 AND
2 1 473 472 504 AND
2 1 473 369 505 AND
2 1 475 474 506 AND
2 1 475 373 507 AND
2 1 477 476 508 AND
2 1 477 377 509 AND
2 1 479 478 510 AND
2 1 479 381 511 AND
2 1 482 480 512 AND
2 1 482 481 513 AND
2 1 482 449 514 AND
2 1 482 323 515 AND
2 1 486 484 516 AND
2 1 486 485 517 AND
2 1 486 453 518 AND
2 1 486 331 519 AND
2 1 490 488 520 AND
2 1 490 489 521 AND
2 1 490 457 522 AND
2 1 490 339 523 AND
2 1 494 492 524 AND
2 1 494 493 525 AND
2 1 494 461 526 AND
2 1 494 347 527 AND
2 1 498 496 528 AND
2 1 498 497 529 AND
2 1 498 465 530 AND
2 1 498 355 531 AND
2 1 502 500 532 AND
2 1 502 501 533 AND
2 1 502 469 534 AND
2 1 502 363 535 AND
2 1 506 504 536 AND
2 1 506 505 537 AND
2 1 506 473 538 AND
2 1 506 371 539 AND
2 1 510 508 540 AND
2 1 510 509 541 AND
2 1 510 477 542 AND
2 1 510 379 543 AND
2 1 516 512 544 AND
2 1 516 513 545 AND
2 1 516 514 546 AND
2 1 516 515 547 AND
2 1 516 482 548 AND
2 1 516 483 549 AND
2 1 516 451 550 AND
2 1 516 327 551 AND
2 1 524 520 552 AND
2 1 524 521 553 AND
2 1 524 522 554 AND
2 1 524 523 555 AND
2 1 524 490 556 AND
2 1 524 491 557 AND
2 1 524 459 558 AND
2 1 524 343 559 AND
2 1 532 528 560 AND
2 1 532 529 561 AND
2 1 532 530 562 AND
2 1 532 531 563 AND
2 1 532 498 564 AND
2 1 532 499 565 AND
2 1 532 467 566 AND
2 1 532 359 567 AND
2 1 540 536 568 AND
2 1 540 537 569 AND
2 1 540 538 570 AND
2 1 540 539 571 AND
2 1 540 506 572 AND
2 1 540 507 573 AND
2 1 540 475 574 AND
2 1 540 375 575 AND
2 1 552 544 576 AND
2 1 552 545 577 AND
2 1 552 546 578 AND
2 1 552 547 579 AND
2 1 552 548 580 AND
2 1 552 549 581 AND
2 1 552 550 582 AND
2 1 552 551 583 AND
2 1 552 516 584 AND
2 1 552 517 585 AND
2 1 552 518 586 AND
2 1 552 519 587 AND
2 1 552 486 588 AND
2 1 552 487 589 AND
2 1 552 455 590 AND
2 1 552 335 591 AND
2 1 568 560 592 AND
2 1 568 561 593 AND
2 1 568 562 594 AND
2 1 568 563 595 AND
2 1 568 564 596 AND
2 1 568 565 597 AND
2 1 568 566 598 AND
2 1 568 567 599 AND
2 1 568 532 600 AND
2 1 568 533 601 AND
2 1 568 534 602 AND
2 1 568 535 603 AND
2 1 568 502 604 AND
2 1 568 503 605 AND
2 1 568 471 606 AND
2 1 568 367 607 AND
2 1 592 576 608 AND
2 1 592 577 609 AND
2 1 592 578 610 AND
2 1 592 579 611 AND
2 1 592 580 612 AND
2 1 592 581 613 AND
2 1 592 582 614 AND
2 1 592 583 615 AND
2 1 592 584 616 AND
2 1 592 585 617 AND
2 1 592 586 618 AND
2 1 592 587 619 AND
2 1 592 588 620 AND
2 1 592 589 621 AND
2 1 592 590 622 AND
2 1 592 591 623 AND
2 1 592 552 624 AND
2 1 592 553 625 AND
2 1 592 554 626 AND
2 1 592 555 627 AND
2 1 592 556 628 AND
2 1 592 557 629 AND
2 1 592 558 630 AND
2 1 592 559 631 AND
2 1 592 524 632 AND
2 1 592 525 633 AND
2 1 592 526 634 AND
2 1 592 527 635 AND
2 1 592 494 636 AND
2 1 592 495 637 AND
2 1 592 463 638 AND
2 1 592 351 639 AND
2 1 384 609 640 AND
2 1 385 610 641 AND
2 1 386 611 642 AND
2 1 387 612 643 AND
2 1 388 613 644 AND
2 1 389 614 645 AND
2 1 390 615 646 AND
2 1 391 616 647 AND
2 1 392 617 648 AND
2 1 393 618 649 AND
2 1 394 619 650 AND
2 1 395 620 651 AND
2 1 396 621 652 AND
2 1 397 622 653 AND
2 1 398 623 654 AND
2 1 399 624 655 AND
2 1 400 625 656 AND
2 1 401 626 657 AND
2 1 402 627 658 AND
2 1 403 628 659 AND
2 1 404 629 660 AND
2 1 405 630 661 AND
2 1 406 631 662 AND
2 1 407 632 663 AND
2 1 408 633 664 AND
2 1 409 634 665 AND
2 1 410 635 666 AND
2 1 411 636 667 AND
2 1 412 637 668 AND
2 1 413 638 669 AND
2 1 414 639 670 AND
2 1 415 592 671 AND
2 1 416 593 672 AND
2 1 417 594 673 AND
2 1 418 595 674 AND
2 1 419 596 675 AND
2 1 420 597 676 AND
2 1 421 598 677 AND
2 1 422 599 678 AND
2 1 423 600 679 AND
2 1 424 601 680 AND
2 1 425 602 681 AND
2 1 426 603 682 AND
2 1 427 604 683 AND
2 1 428 605 684 AND
2 1 429 606 685 AND
2 1 430 607 686 AND
2 1 431 568 687 AND
2 1 432 569 688 AND
2 1 433 570 689 AND
2 1 434 571 690 AND
2 1 435 572 691 AND
2 1 436 573 692 AND
2 1 437 574 693 AND
2 1 438 575 694 AND
2 1 439 540 695 AND
2 1 440 541 696 AND
2 1 441 542 697 AND
2 1 442 543 698 AND
2 1 443 510 699 AND
2 1 444 511 700 AND
2 1 445 479 701 AND
2 1 446 383 702 AND
1 1 383 703 EQW
2 1 640 641 704 XOR
2 1 704 642 705 XOR
2 1 705 643 706 XOR
2 1 706 644 707 XOR
2 1 707 645 708 XOR
2 1 708 646 709 XOR
2 1 709 647 710 XOR
2 1 710 648 711 XOR
2 1 711 649 712 XOR
2 1 712 650 713 XOR
2 1 713 651 714 XOR
2 1 714 652 715 XOR
2 1 715 653 716 XOR
2 1 716 654 717 XOR
2 1 717 655 718 XOR
2 1 718 656 719 XOR
2 1 719 657 720 XOR
2 1 720 658 721 XOR
2 1 721 659 722 XOR
2 1 722 660 723 XOR
2 1 723 661 724 XOR
2 1 724 662 725 XOR
2 1 725 663 726 XOR
2 1 726 664 727 XOR
2 1 727 665 728 XOR
2 1 728 666 729 XOR
2 1 729 667 730 XOR
2 1 730 668 731 XOR
2 1 731 669 732 XOR
2 1 732 670 733 XOR
2 1 733 671 734 XOR
2 1 734 672 735 XOR
2 1 735 673 736 XOR
2 1 736 674 737 XOR
2 1 737 675 738 XOR
2 1 738 676 739 XOR
2 1 739 677 740 XOR
2 1 740 678 741 XOR
2 1 741 679 742 XOR
2 1 742 680 743 XOR
2 1 743 681 744 XOR
2 1 744 682 745 XOR
2 1 745 683 746 XOR
2 1 746 684 747 XOR
2 1 747 685 748 XOR
2 1 748 686 749 XOR
2 1 749 687 750 XOR
2 1 750 688 751 XOR
2 1 751 689 752 XOR
2 1 752 690 753 XOR
2 1 753 691 754 XOR
2 1 754 692 755 XOR
2 1 755 693 756 XOR
2 1 756 694 757 XOR
2 1 757 695 758 XOR
2 1 758 696 759 XOR
2 1 759 697 760 XOR
2 1 760 698 761 XOR
2 1 761 699 762 XOR
2 1 762 700 763 XOR
2 1 763 701 764 XOR
2 1 764 702 765 XOR
2 1 765 703 766 XOR
