1215 1599
6 64 64 64 64 64 64
1 1

2 1 128 256 384 XOR
2 1 129 256 385 XOR
2 1 130 256 386 XOR
2 1 131 256 387 XOR
2 1 132 256 388 XOR
2 1 133 256 389 XOR
2 1 134 256 390 XOR
2 1 135 256 391 XOR
2 1 136 256 392 XOR
2 1 137 256 393 XOR
2 1 138 256 394 XOR
2 1 139 256 395 XOR
2 1 140 256 396 XOR
2 1 141 256 397 XOR
2 1 142 256 398 XOR
2 1 143 256 399 XOR
2 1 144 256 400 XOR
2 1 145 256 401 XOR
2 1 146 256 402 XOR
2 1 147 256 403 XOR
2 1 148 256 404 XOR
2 1 149 256 405 XOR
2 1 150 256 406 XOR
2 1 151 256 407 XOR
2 1 152 256 408 XOR
2 1 153 256 409 XOR
2 1 154 256 410 XOR
2 1 155 256 411 XOR
2 1 156 256 412 XOR
2 1 157 256 413 XOR
2 1 158 256 414 XOR
2 1 159 256 415 XOR
2 1 160 256 416 XOR
2 1 161 256 417 XOR
2 1 162 256 418 XOR
2 1 163 256 419 XOR
2 1 164 256 420 XOR
2 1 165 256 421 XOR
2 1 166 256 422 XOR
2 1 167 256 423 XOR
2 1 168 256 424 XOR
2 1 169 256 425 XOR
2 1 170 256 426 XOR
2 1 171 256 427 XOR
2 1 172 256 428 XOR
2 1 173 256 429 XOR
2 1 174 256 430 XOR
2 1 175 256 431 XOR
2 1 176 256 432 XOR
2 1 177 256 433 XOR
2 1 178 256 434 XOR
2 1 179 256 435 XOR
2 1 180 256 436 XOR
2 1 181 256 437 XOR
2 1 182 256 438 XOR
2 1 183 256 439 XOR
2 1 184 256 440 XOR
2 1 185 256 441 XOR
2 1 186 256 442 XOR
2 1 187 256 443 XOR
2 1 188 256 444 XOR
2 1 189 256 445 XOR
2 1 190 256 446 XOR
2 1 191 256 447 XOR
2 1 192 256 448 XOR
2 1 193 256 449 XOR
2 1 194 256 450 XOR
2 1 195 256 451 XOR
2 1 196 256 452 XOR
2 1 197 256 453 XOR
2 1 198 256 454 XOR
2 1 199 256 455 XOR
2 1 200 256 456 XOR
2 1 201 256 457 XOR
2 1 202 256 458 XOR
2 1 203 256 459 XOR
2 1 204 256 460 XOR
2 1 205 256 461 XOR
2 1 206 256 462 XOR
2 1 207 256 463 XOR
2 1 208 256 464 XOR
2 1 209 256 465 XOR
2 1 210 256 466 XOR
2 1 211 256 467 XOR
2 1 212 256 468 XOR
2 1 213 256 469 XOR
2 1 214 256 470 XOR
2 1 215 256 471 XOR
2 1 216 256 472 XOR
2 1 217 256 473 XOR
2 1 218 256 474 XOR
2 1 219 256 475 XOR
2 1 220 256 476 XOR
2 1 221 256 477 XOR
2 1 222 256 478 XOR
2 1 223 256 479 XOR
2 1 224 256 480 XOR
2 1 225 256 481 XOR
2 1 226 256 482 XOR
2 1 227 256 483 XOR
2 1 228 256 484 XOR
2 1 229 256 485 XOR
2 1 230 256 486 XOR
2 1 231 256 487 XOR
2 1 232 256 488 XOR
2 1 233 256 489 XOR
2 1 234 256 490 XOR
2 1 235 256 491 XOR
2 1 236 256 492 XOR
2 1 237 256 493 XOR
2 1 238 256 494 XOR
2 1 239 256 495 XOR
2 1 240 256 496 XOR
2 1 241 256 497 XOR
2 1 242 256 498 XOR
2 1 243 256 499 XOR
2 1 244 256 500 XOR
2 1 245 256 501 XOR
2 1 246 256 502 XOR
2 1 247 256 503 XOR
2 1 248 256 504 XOR
2 1 249 256 505 XOR
2 1 250 256 506 XOR
2 1 251 256 507 XOR
2 1 252 256 508 XOR
2 1 253 256 509 XOR
2 1 254 256 510 XOR
2 1 255 256 511 XOR
2 1 0 128 512 XOR
2 1 1 129 513 XOR
2 1 2 130 514 XOR
2 1 3 131 515 XOR
2 1 4 132 516 XOR
2 1 5 133 517 XOR
2 1 6 134 518 XOR
2 1 7 135 519 XOR
2 1 8 136 520 XOR
2 1 9 137 521 XOR
2 1 10 138 522 XOR
2 1 11 139 523 XOR
2 1 12 140 524 XOR
2 1 13 141 525 XOR
2 1 14 142 526 XOR
2 1 15 143 527 XOR
2 1 16 144 528 XOR
2 1 17 145 529 XOR
2 1 18 146 530 XOR
2 1 19 147 531 XOR
2 1 20 148 532 XOR
2 1 21 149 533 XOR
2 1 22 150 534 XOR
2 1 23 151 535 XOR
2 1 24 152 536 XOR
2 1 25 153 537 XOR
2 1 26 154 538 XOR
2 1 27 155 539 XOR
2 1 28 156 540 XOR
2 1 29 157 541 XOR
2 1 30 158 542 XOR
2 1 31 159 543 XOR
2 1 32 160 544 XOR
2 1 33 161 545 XOR
2 1 34 162 546 XOR
2 1 35 163 547 XOR
2 1 36 164 548 XOR
2 1 37 165 549 XOR
2 1 38 166 550 XOR
2 1 39 167 551 XOR
2 1 40 168 552 XOR
2 1 41 169 553 XOR
2 1 42 170 554 XOR
2 1 43 171 555 XOR
2 1 44 172 556 XOR
2 1 45 173 557 XOR
2 1 46 174 558 XOR
2 1 47 175 559 XOR
2 1 48 176 560 XOR
2 1 49 177 561 XOR
2 1 50 178 562 XOR
2 1 51 179 563 XOR
2 1 52 180 564 XOR
2 1 53 181 565 XOR
2 1 54 182 566 XOR
2 1 55 183 567 XOR
2 1 56 184 568 XOR
2 1 57 185 569 XOR
2 1 58 186 570 XOR
2 1 59 187 571 XOR
2 1 60 188 572 XOR
2 1 61 189 573 XOR
2 1 62 190 574 XOR
2 1 63 191 575 XOR
2 1 64 192 576 XOR
2 1 65 193 577 XOR
2 1 66 194 578 XOR
2 1 67 195 579 XOR
2 1 68 196 580 XOR
2 1 69 197 581 XOR
2 1 70 198 582 XOR
2 1 71 199 583 XOR
2 1 72 200 584 XOR
2 1 73 201 585 XOR
2 1 74 202 586 XOR
2 1 75 203 587 XOR
2 1 76 204 588 XOR
2 1 77 205 589 XOR
2 1 78 206 590 XOR
2 1 79 207 591 XOR
2 1 80 208 592 XOR
2 1 81 209 593 XOR
2 1 82 210 594 XOR
2 1 83 211 595 XOR
2 1 84 212 596 XOR
2 1 85 213 597 XOR
2 1 86 214 598 XOR
2 1 87 215 599 XOR
2 1 88 216 600 XOR
2 1 89 217 601 XOR
2 1 90 218 602 XOR
2 1 91 219 603 XOR
2 1 92 220 604 XOR
2 1 93 221 605 XOR
2 1 94 222 606 XOR
2 1 95 223 607 XOR
2 1 96 224 608 XOR
2 1 97 225 609 XOR
2 1 98 226 610 XOR
2 1 99 227 611 XOR
2 1 100 228 612 XOR
2 1 101 229 613 XOR
2 1 102 230 614 XOR
2 1 103 231 615 XOR
2 1 104 232 616 XOR
2 1 105 233 617 XOR
2 1 106 234 618 XOR
2 1 107 235 619 XOR
2 1 108 236 620 XOR
2 1 109 237 621 XOR
2 1 110 238 622 XOR
2 1 111 239 623 XOR
2 1 112 240 624 XOR
2 1 113 241 625 XOR
2 1 114 242 626 XOR
2 1 115 243 627 XOR
2 1 116 244 628 XOR
2 1 117 245 629 XOR
2 1 118 246 630 XOR
2 1 119 247 631 XOR
2 1 120 248 632 XOR
2 1 121 249 633 XOR
2 1 122 250 634 XOR
2 1 123 251 635 XOR
2 1 124 252 636 XOR
2 1 125 253 637 XOR
2 1 126 254 638 XOR
2 1 127 255 639 XOR
2 1 512 256 640 XOR
2 1 513 256 641 XOR
2 1 514 256 642 XOR
2 1 515 256 643 XOR
2 1 516 256 644 XOR
2 1 517 256 645 XOR
2 1 518 256 646 XOR
2 1 519 256 647 XOR
2 1 520 256 648 XOR
2 1 521 256 649 XOR
2 1 522 256 650 XOR
2 1 523 256 651 XOR
2 1 524 256 652 XOR
2 1 525 256 653 XOR
2 1 526 256 654 XOR
2 1 527 256 655 XOR
2 1 528 256 656 XOR
2 1 529 256 657 XOR
2 1 530 256 658 XOR
2 1 531 256 659 XOR
2 1 532 256 660 XOR
2 1 533 256 661 XOR
2 1 534 256 662 XOR
2 1 535 256 663 XOR
2 1 536 256 664 XOR
2 1 537 256 665 XOR
2 1 538 256 666 XOR
2 1 539 256 667 XOR
2 1 540 256 668 XOR
2 1 541 256 669 XOR
2 1 542 256 670 XOR
2 1 543 256 671 XOR
2 1 544 256 672 XOR
2 1 545 256 673 XOR
2 1 546 256 674 XOR
2 1 547 256 675 XOR
2 1 548 256 676 XOR
2 1 549 256 677 XOR
2 1 550 256 678 XOR
2 1 551 256 679 XOR
2 1 552 256 680 XOR
2 1 553 256 681 XOR
2 1 554 256 682 XOR
2 1 555 256 683 XOR
2 1 556 256 684 XOR
2 1 557 256 685 XOR
2 1 558 256 686 XOR
2 1 559 256 687 XOR
2 1 560 256 688 XOR
2 1 561 256 689 XOR
2 1 562 256 690 XOR
2 1 563 256 691 XOR
2 1 564 256 692 XOR
2 1 565 256 693 XOR
2 1 566 256 694 XOR
2 1 567 256 695 XOR
2 1 568 256 696 XOR
2 1 569 256 697 XOR
2 1 570 256 698 XOR
2 1 571 256 699 XOR
2 1 572 256 700 XOR
2 1 573 256 701 XOR
2 1 574 256 702 XOR
2 1 575 256 703 XOR
2 1 576 256 704 XOR
2 1 577 256 705 XOR
2 1 578 256 706 XOR
2 1 579 256 707 XOR
2 1 580 256 708 XOR
2 1 581 256 709 XOR
2 1 582 256 710 XOR
2 1 583 256 711 XOR
2 1 584 256 712 XOR
2 1 585 256 713 XOR
2 1 586 256 714 XOR
2 1 587 256 715 XOR
2 1 588 256 716 XOR
2 1 589 256 717 XOR
2 1 590 256 718 XOR
2 1 591 256 719 XOR
2 1 592 256 720 XOR
2 1 593 256 721 XOR
2 1 594 256 722 XOR
2 1 595 256 723 XOR
2 1 596 256 724 XOR
2 1 597 256 725 XOR
2 1 598 256 726 XOR
2 1 599 256 727 XOR
2 1 600 256 728 XOR
2 1 601 256 729 XOR
2 1 602 256 730 XOR
2 1 603 256 731 XOR
2 1 604 256 732 XOR
2 1 605 256 733 XOR
2 1 606 256 734 XOR
2 1 607 256 735 XOR
2 1 608 256 736 XOR
2 1 609 256 737 XOR
2 1 610 256 738 XOR
2 1 611 256 739 XOR
2 1 612 256 740 XOR
2 1 613 256 741 XOR
2 1 614 256 742 XOR
2 1 615 256 743 XOR
2 1 616 256 744 XOR
2 1 617 256 745 XOR
2 1 618 256 746 XOR
2 1 619 256 747 XOR
2 1 620 256 748 XOR
2 1 621 256 749 XOR
2 1 622 256 750 XOR
2 1 623 256 751 XOR
2 1 624 256 752 XOR
2 1 625 256 753 XOR
2 1 626 256 754 XOR
2 1 627 256 755 XOR
2 1 628 256 756 XOR
2 1 629 256 757 XOR
2 1 630 256 758 XOR
2 1 631 256 759 XOR
2 1 632 256 760 XOR
2 1 633 256 761 XOR
2 1 634 256 762 XOR
2 1 635 256 763 XOR
2 1 636 256 764 XOR
2 1 637 256 765 XOR
2 1 638 256 766 XOR
2 1 639 256 767 XOR
2 1 0 384 768 AND
2 1 1 385 769 AND
2 1 2 386 770 AND
2 1 3 387 771 AND
2 1 4 388 772 AND
2 1 5 389 773 AND
2 1 6 390 774 AND
2 1 7 391 775 AND
2 1 8 392 776 AND
2 1 9 393 777 AND
2 1 10 394 778 AND
2 1 11 395 779 AND
2 1 12 396 780 AND
2 1 13 397 781 AND
2 1 14 398 782 AND
2 1 15 399 783 AND
2 1 16 400 784 AND
2 1 17 401 785 AND
2 1 18 402 786 AND
2 1 19 403 787 AND
2 1 20 404 788 AND
2 1 21 405 789 AND
2 1 22 406 790 AND
2 1 23 407 791 AND
2 1 24 408 792 AND
2 1 25 409 793 AND
2 1 26 410 794 AND
2 1 27 411 795 AND
2 1 28 412 796 AND
2 1 29 413 797 AND
2 1 30 414 798 AND
2 1 31 415 799 AND
2 1 32 416 800 AND
2 1 33 417 801 AND
2 1 34 418 802 AND
2 1 35 419 803 AND
2 1 36 420 804 AND
2 1 37 421 805 AND
2 1 38 422 806 AND
2 1 39 423 807 AND
2 1 40 424 808 AND
2 1 41 425 809 AND
2 1 42 426 810 AND
2 1 43 427 811 AND
2 1 44 428 812 AND
2 1 45 429 813 AND
2 1 46 430 814 AND
2 1 47 431 815 AND
2 1 48 432 816 AND
2 1 49 433 817 AND
2 1 50 434 818 AND
2 1 51 435 819 AND
2 1 52 436 820 AND
2 1 53 437 821 AND
2 1 54 438 822 AND
2 1 55 439 823 AND
2 1 56 440 824 AND
2 1 57 441 825 AND
2 1 58 442 826 AND
2 1 59 443 827 AND
2 1 60 444 828 AND
2 1 61 445 829 AND
2 1 62 446 830 AND
2 1 63 447 831 AND
2 1 64 448 832 AND
2 1 65 449 833 AND
2 1 66 450 834 AND
2 1 67 451 835 AND
2 1 68 452 836 AND
2 1 69 453 837 AND
2 1 70 454 838 AND
2 1 71 455 839 AND
2 1 72 456 840 AND
2 1 73 457 841 AND
2 1 74 458 842 AND
2 1 75 459 843 AND
2 1 76 460 844 AND
2 1 77 461 845 AND
2 1 78 462 846 AND
2 1 79 463 847 AND
2 1 80 464 848 AND
2 1 81 465 849 AND
2 1 82 466 850 AND
2 1 83 467 851 AND
2 1 84 468 852 AND
2 1 85 469 853 AND
2 1 86 470 854 AND
2 1 87 471 855 AND
2 1 88 472 856 AND
2 1 89 473 857 AND
2 1 90 474 858 AND
2 1 91 475 859 AND
2 1 92 476 860 AND
2 1 93 477 861 AND
2 1 94 478 862 AND
2 1 95 479 863 AND
2 1 96 480 864 AND
2 1 97 481 865 AND
2 1 98 482 866 AND
2 1 99 483 867 AND
2 1 100 484 868 AND
2 1 101 485 869 AND
2 1 102 486 870 AND
2 1 103 487 871 AND
2 1 104 488 872 AND
2 1 105 489 873 AND
2 1 106 490 874 AND
2 1 107 491 875 AND
2 1 108 492 876 AND
2 1 109 493 877 AND
2 1 110 494 878 AND
2 1 111 495 879 AND
2 1 112 496 880 AND
2 1 113 497 881 AND
2 1 114 498 882 AND
2 1 115 499 883 AND
2 1 116 500 884 AND
2 1 117 501 885 AND
2 1 118 502 886 AND
2 1 119 503 887 AND
2 1 120 504 888 AND
2 1 121 505 889 AND
2 1 122 506 890 AND
2 1 123 507 891 AND
2 1 124 508 892 AND
2 1 125 509 893 AND
2 1 126 510 894 AND
2 1 127 511 895 AND
2 1 641 640 896 AND
2 1 643 642 897 AND
2 1 645 644 898 AND
2 1 647 646 899 AND
2 1 649 648 900 AND
2 1 651 650 901 AND
2 1 653 652 902 AND
2 1 655 654 903 AND
2 1 657 656 904 AND
2 1 659 658 905 AND
2 1 661 660 906 AND
2 1 663 662 907 AND
2 1 665 664 908 AND
2 1 667 666 909 AND
2 1 669 668 910 AND
2 1 671 670 911 AND
2 1 673 672 912 AND
2 1 675 674 913 AND
2 1 677 676 914 AND
2 1 679 678 915 AND
2 1 681 680 916 AND
2 1 683 682 917 AND
2 1 685 684 918 AND
2 1 687 686 919 AND
2 1 689 688 920 AND
2 1 691 690 921 AND
2 1 693 692 922 AND
2 1 695 694 923 AND
2 1 697 696 924 AND
2 1 699 698 925 AND
2 1 701 700 926 AND
2 1 703 702 927 AND
2 1 705 704 928 AND
2 1 707 706 929 AND
2 1 709 708 930 AND
2 1 711 710 931 AND
2 1 713 712 932 AND
2 1 715 714 933 AND
2 1 717 716 934 AND
2 1 719 718 935 AND
2 1 721 720 936 AND
2 1 723 722 937 AND
2 1 725 724 938 AND
2 1 727 726 939 AND
2 1 729 728 940 AND
2 1 731 730 941 AND
2 1 733 732 942 AND
2 1 735 734 943 AND
2 1 737 736 944 AND
2 1 739 738 945 AND
2 1 741 740 946 AND
2 1 743 742 947 AND
2 1 745 744 948 AND
2 1 747 746 949 AND
2 1 749 748 950 AND
2 1 751 750 951 AND
2 1 753 752 952 AND
2 1 755 754 953 AND
2 1 757 756 954 AND
2 1 759 758 955 AND
2 1 761 760 956 AND
2 1 763 762 957 AND
2 1 765 764 958 AND
2 1 767 766 959 AND
2 1 897 896 960 AND
2 1 897 641 961 AND
2 1 899 898 962 AND
2 1 899 645 963 AND
2 1 901 900 964 AND
2 1 901 649 965 AND
2 1 903 902 966 AND
2 1 903 653 967 AND
2 1 905 904 968 AND
2 1 905 657 969 AND
2 1 907 906 970 AND
2 1 907 661 971 AND
2 1 909 908 972 AND
2 1 909 665 973 AND
2 1 911 910 974 AND
2 1 911 669 975 AND
2 1 913 912 976 AND
2 1 913 673 977 AND
2 1 915 914 978 AND
2 1 915 677 979 AND
2 1 917 916 980 AND
2 1 917 681 981 AND
2 1 919 918 982 AND
2 1 919 685 983 AND
2 1 921 920 984 AND
2 1 921 689 985 AND
2 1 923 922 986 AND
2 1 923 693 987 AND
2 1 925 924 988 AND
2 1 925 697 989 AND
2 1 927 926 990 AND
2 1 927 701 991 AND
2 1 929 928 992 AND
2 1 929 705 993 AND
2 1 931 930 994 AND
2 1 931 709 995 AND
2 1 933 932 996 AND
2 1 933 713 997 AND
2 1 935 934 998 AND
2 1 935 717 999 AND
2 1 937 936 1000 AND
2 1 937 721 1001 AND
2 1 939 938 1002 AND
2 1 939 725 1003 AND
2 1 941 940 1004 AND
2 1 941 729 1005 AND
2 1 943 942 1006 AND
2 1 943 733 1007 AND
2 1 945 944 1008 AND
2 1 945 737 1009 AND
2 1 947 946 1010 AND
2 1 947 741 1011 AND
2 1 949 948 1012 AND
2 1 949 745 1013 AND
2 1 951 950 1014 AND
2 1 951 749 1015 AND
2 1 953 952 1016 AND
2 1 953 753 1017 AND
2 1 955 954 1018 AND
2 1 955 757 1019 AND
2 1 957 956 1020 AND
2 1 957 761 1021 AND
2 1 959 958 1022 AND
2 1 959 765 1023 AND
2 1 962 960 1024 AND
2 1 962 961 1025 AND
2 1 962 897 1026 AND
2 1 962 643 1027 AND
2 1 966 964 1028 AND
2 1 966 965 1029 AND
2 1 966 901 1030 AND
2 1 966 651 1031 AND
2 1 970 968 1032 AND
2 1 970 969 1033 AND
2 1 970 905 1034 AND
2 1 970 659 1035 AND
2 1 974 972 1036 AND
2 1 974 973 1037 AND
2 1 974 909 1038 AND
2 1 974 667 1039 AND
2 1 978 976 1040 AND
2 1 978 977 1041 AND
2 1 978 913 1042 AND
2 1 978 675 1043 AND
2 1 982 980 1044 AND
2 1 982 981 1045 AND
2 1 982 917 1046 AND
2 1 982 683 1047 AND
2 1 986 984 1048 AND
2 1 986 985 1049 AND
2 1 986 921 1050 AND
2 1 986 691 1051 AND
2 1 990 988 1052 AND
2 1 990 989 1053 AND
2 1 990 925 1054 AND
2 1 990 699 1055 AND
2 1 994 992 1056 AND
2 1 994 993 1057 AND
2 1 994 929 1058 AND
2 1 994 707 1059 AND
2 1 998 996 1060 AND
2 1 998 997 1061 AND
2 1 998 933 1062 AND
2 1 998 715 1063 AND
2 1 1002 1000 1064 AND
2 1 1002 1001 1065 AND
2 1 1002 937 1066 AND
2 1 1002 723 1067 AND
2 1 1006 1004 1068 AND
2 1 1006 1005 1069 AND
2 1 1006 941 1070 AND
2 1 1006 731 1071 AND
2 1 1010 1008 1072 AND
2 1 1010 1009 1073 AND
2 1 1010 945 1074 AND
2 1 1010 739 1075 AND
2 1 1014 1012 1076 AND
2 1 1014 1013 1077 AND
2 1 1014 949 1078 AND
2 1 1014 747 1079 AND
2 1 1018 1016 1080 AND
2 1 1018 1017 1081 AND
2 1 1018 953 1082 AND
2 1 1018 755 1083 AND
2 1 1022 1020 1084 AND
2 1 1022 1021 1085 AND
2 1 1022 957 1086 AND
2 1 1022 763 1087 AND
2 1 1028 1024 1088 AND
2 1 1028 1025 1089 AND
2 1 1028 1026 1090 AND
2 1 1028 1027 1091 AND
2 1 1028 962 1092 AND
2 1 1028 963 1093 AND
2 1 1028 899 1094 AND
2 1 1028 647 1095 AND
2 1 1036 1032 1096 AND
2 1 1036 1033 1097 AND
2 1 1036 1034 1098 AND
2 1 1036 1035 1099 AND
2 1 1036 970 1100 AND
2 1 1036 971 1101 AND
2 1 1036 907 1102 AND
2 1 1036 663 1103 AND
2 1 1044 1040 1104 AND
2 1 1044 1041 1105 AND
2 1 1044 1042 1106 AND
2 1 1044 1043 1107 AND
2 1 1044 978 1108 AND
2 1 1044 979 1109 AND
2 1 1044 915 1110 AND
2 1 1044 679 1111 AND
2 1 1052 1048 1112 AND
2 1 1052 1049 1113 AND
2 1 1052 1050 1114 AND
2 1 1052 1051 1115 AND
2 1 1052 986 1116 AND
2 1 1052 987 1117 AND
2 1 1052 923 1118 AND
2 1 1052 695 1119 AND
2 1 1060 1056 1120 AND
2 1 1060 1057 1121 AND
2 1 1060 1058 1122 AND
2 1 1060 1059 1123 AND
2 1 1060 994 1124 AND
2 1 1060 995 1125 AND
2 1 1060 931 1126 AND
2 1 1060 711 1127 AND
2 1 1068 1064 1128 AND
2 1 1068 1065 1129 AND
2 1 1068 1066 1130 AND
2 1 1068 1067 1131 AND
2 1 1068 1002 1132 AND
2 1 1068 1003 1133 AND
2 1 1068 939 1134 AND
2 1 1068 727 1135 AND
2 1 1076 1072 1136 AND
2 1 1076 1073 1137 AND
2 1 1076 1074 1138 AND
2 1 1076 1075 1139 AND
2 1 1076 1010 1140 AND
2 1 1076 1011 1141 AND
2 1 1076 947 1142 AND
2 1 1076 743 1143 AND
2 1 1084 1080 1144 AND
2 1 1084 1081 1145 AND
2 1 1084 1082 1146 AND
2 1 1084 1083 1147 AND
2 1 1084 1018 1148 AND
2 1 1084 1019 1149 AND
2 1 1084 955 1150 AND
2 1 1084 759 1151 AND
2 1 1096 1088 1152 AND
2 1 1096 1089 1153 AND
2 1 1096 1090 1154 AND
2 1 1096 1091 1155 AND
2 1 1096 1092 1156 AND
2 1 1096 1093 1157 AND
2 1 1096 1094 1158 AND
2 1 1096 1095 1159 AND
2 1 1096 1028 1160 AND
2 1 1096 1029 1161 AND
2 1 1096 1030 1162 AND
2 1 1096 1031 1163 AND
2 1 1096 966 1164 AND
2 1 1096 967 1165 AND
2 1 1096 903 1166 AND
2 1 1096 655 1167 AND
2 1 1112 1104 1168 AND
2 1 1112 1105 1169 AND
2 1 1112 1106 1170 AND
2 1 1112 1107 1171 AND
2 1 1112 1108 1172 AND
2 1 1112 1109 1173 AND
2 1 1112 1110 1174 AND
2 1 1112 1111 1175 AND
2 1 1112 1044 1176 AND
2 1 1112 1045 1177 AND
2 1 1112 1046 1178 AND
2 1 1112 1047 1179 AND
2 1 1112 982 1180 AND
2 1 1112 983 1181 AND
2 1 1112 919 1182 AND
2 1 1112 687 1183 AND
2 1 1128 1120 1184 AND
2 1 1128 1121 1185 AND
2 1 1128 1122 1186 AND
2 1 1128 1123 1187 AND
2 1 1128 1124 1188 AND
2 1 1128 1125 1189 AND
2 1 1128 1126 1190 AND
2 1 1128 1127 1191 AND
2 1 1128 1060 1192 AND
2 1 1128 1061 1193 AND
2 1 1128 1062 1194 AND
2 1 1128 1063 1195 AND
2 1 1128 998 1196 AND
2 1 1128 999 1197 AND
2 1 1128 935 1198 AND
2 1 1128 719 1199 AND
2 1 1144 1136 1200 AND
2 1 1144 1137 1201 AND
2 1 1144 1138 1202 AND
2 1 1144 1139 1203 AND
2 1 1144 1140 1204 AND
2 1 1144 1141 1205 AND
2 1 1144 1142 1206 AND
2 1 1144 1143 1207 AND
2 1 1144 1076 1208 AND
2 1 1144 1077 1209 AND
2 1 1144 1078 1210 AND
2 1 1144 1079 1211 AND
2 1 1144 1014 1212 AND
2 1 1144 1015 1213 AND
2 1 1144 951 1214 AND
2 1 1144 751 1215 AND
2 1 1168 1152 1216 AND
2 1 1168 1153 1217 AND
2 1 1168 1154 1218 AND
2 1 1168 1155 1219 AND
2 1 1168 1156 1220 AND
2 1 1168 1157 1221 AND
2 1 1168 1158 1222 AND
2 1 1168 1159 1223 AND
2 1 1168 1160 1224 AND
2 1 1168 1161 1225 AND
2 1 1168 1162 1226 AND
2 1 1168 1163 1227 AND
2 1 1168 1164 1228 AND
2 1 1168 1165 1229 AND
2 1 1168 1166 1230 AND
2 1 1168 1167 1231 AND
2 1 1168 1096 1232 AND
2 1 1168 1097 1233 AND
2 1 1168 1098 1234 AND
2 1 1168 1099 1235 AND
2 1 1168 1100 1236 AND
2 1 1168 1101 1237 AND
2 1 1168 1102 1238 AND
2 1 1168 1103 1239 AND
2 1 1168 1036 1240 AND
2 1 1168 1037 1241 AND
2 1 1168 1038 1242 AND
2 1 1168 1039 1243 AND
2 1 1168 974 1244 AND
2 1 1168 975 1245 AND
2 1 1168 911 1246 AND
2 1 1168 671 1247 AND
2 1 1200 1184 1248 AND
2 1 1200 1185 1249 AND
2 1 1200 1186 1250 AND
2 1 1200 1187 1251 AND
2 1 1200 1188 1252 AND
2 1 1200 1189 1253 AND
2 1 1200 1190 1254 AND
2 1 1200 1191 1255 AND
2 1 1200 1192 1256 AND
2 1 1200 1193 1257 AND
2 1 1200 1194 1258 AND
2 1 1200 1195 1259 AND
2 1 1200 1196 1260 AND
2 1 1200 1197 1261 AND
2 1 1200 1198 1262 AND
2 1 1200 1199 1263 AND
2 1 1200 1128 1264 AND
2 1 1200 1129 1265 AND
2 1 1200 1130 1266 AND
2 1 1200 1131 1267 AND
2 1 1200 1132 1268 AND
2 1 1200 1133 1269 AND
2 1 1200 1134 1270 AND
2 1 1200 1135 1271 AND
2 1 1200 1068 1272 AND
2 1 1200 1069 1273 AND
2 1 1200 1070 1274 AND
2 1 1200 1071 1275 AND
2 1 1200 1006 1276 AND
2 1 1200 1007 1277 AND
2 1 1200 943 1278 AND
2 1 1200 735 1279 AND
2 1 1248 1216 1280 AND
2 1 1248 1217 1281 AND
2 1 1248 1218 1282 AND
2 1 1248 1219 1283 AND
2 1 1248 1220 1284 AND
2 1 1248 1221 1285 AND
2 1 1248 1222 1286 AND
2 1 1248 1223 1287 AND
2 1 1248 1224 1288 AND
2 1 1248 1225 1289 AND
2 1 1248 1226 1290 AND
2 1 1248 1227 1291 AND
2 1 1248 1228 1292 AND
2 1 1248 1229 1293 AND
2 1 1248 1230 1294 AND
2 1 1248 1231 1295 AND
2 1 1248 1232 1296 AND
2 1 1248 1233 1297 AND
2 1 1248 1234 1298 AND
2 1 1248 1235 1299 AND
2 1 1248 1236 1300 AND
2 1 1248 1237 1301 AND
2 1 1248 1238 1302 AND
2 1 1248 1239 1303 AND
2 1 1248 1240 1304 AND
2 1 1248 1241 1305 AND
2 1 1248 1242 1306 AND
2 1 1248 1243 1307 AND
2 1 1248 1244 1308 AND
2 1 1248 1245 1309 AND
2 1 1248 1246 1310 AND
2 1 1248 1247 1311 AND
2 1 1248 1168 1312 AND
2 1 1248 1169 1313 AND
2 1 1248 1170 1314 AND
2 1 1248 1171 1315 AND
2 1 1248 1172 1316 AND
2 1 1248 1173 1317 AND
2 1 1248 1174 1318 AND
2 1 1248 1175 1319 AND
2 1 1248 1176 1320 AND
2 1 1248 1177 1321 AND
2 1 1248 1178 1322 AND
2 1 1248 1179 1323 AND
2 1 1248 1180 1324 AND
2 1 1248 1181 1325 AND
2 1 1248 1182 1326 AND
2 1 1248 1183 1327 AND
2 1 1248 1112 1328 AND
2 1 1248 1113 1329 AND
2 1 1248 1114 1330 AND
2 1 1248 1115 1331 AND
2 1 1248 1116 1332 AND
2 1 1248 1117 1333 AND
2 1 1248 1118 1334 AND
2 1 1248 1119 1335 AND
2 1 1248 1052 1336 AND
2 1 1248 1053 1337 AND
2 1 1248 1054 1338 AND
2 1 1248 1055 1339 AND
2 1 1248 990 1340 AND
2 1 1248 991 1341 AND
2 1 1248 927 1342 AND
2 1 1248 703 1343 AND
2 1 768 1281 1344 AND
2 1 769 1282 1345 AND
2 1 770 1283 1346 AND
2 1 771 1284 1347 AND
2 1 772 1285 1348 AND
2 1 773 1286 1349 AND
2 1 774 1287 1350 AND
2 1 775 1288 1351 AND
2 1 776 1289 1352 AND
2 1 777 1290 1353 AND
2 1 778 1291 1354 AND
2 1 779 1292 1355 AND
2 1 780 1293 1356 AND
2 1 781 1294 1357 AND
2 1 782 1295 1358 AND
2 1 783 1296 1359 AND
2 1 784 1297 1360 AND
2 1 785 1298 1361 AND
2 1 786 1299 1362 AND
2 1 787 1300 1363 AND
2 1 788 1301 1364 AND
2 1 789 1302 1365 AND
2 1 790 1303 1366 AND
2 1 791 1304 1367 AND
2 1 792 1305 1368 AND
2 1 793 1306 1369 AND
2 1 794 1307 1370 AND
2 1 795 1308 1371 AND
2 1 796 1309 1372 AND
2 1 797 1310 1373 AND
2 1 798 1311 1374 AND
2 1 799 1312 1375 AND
2 1 800 1313 1376 AND
2 1 801 1314 1377 AND
2 1 802 1315 1378 AND
2 1 803 1316 1379 AND
2 1 804 1317 1380 AND
2 1 805 1318 1381 AND
2 1 806 1319 1382 AND
2 1 807 1320 1383 AND
2 1 808 1321 1384 AND
2 1 809 1322 1385 AND
2 1 810 1323 1386 AND
2 1 811 1324 1387 AND
2 1 812 1325 1388 AND
2 1 813 1326 1389 AND
2 1 814 1327 1390 AND
2 1 815 1328 1391 AND
2 1 816 1329 1392 AND
2 1 817 1330 1393 AND
2 1 818 1331 1394 AND
2 1 819 1332 1395 AND
2 1 820 1333 1396 AND
2 1 821 1334 1397 AND
2 1 822 1335 1398 AND
2 1 823 1336 1399 AND
2 1 824 1337 1400 AND
2 1 825 1338 1401 AND
2 1 826 1339 1402 AND
2 1 827 1340 1403 AND
2 1 828 1341 1404 AND
2 1 829 1342 1405 AND
2 1 830 1343 1406 AND
2 1 831 1248 1407 AND
2 1 832 1249 1408 AND
2 1 833 1250 1409 AND
2 1 834 1251 1410 AND
2 1 835 1252 1411 AND
2 1 836 1253 1412 AND
2 1 837 1254 1413 AND
2 1 838 1255 1414 AND
2 1 839 1256 1415 AND
2 1 840 1257 1416 AND
2 1 841 1258 1417 AND
2 1 842 1259 1418 AND
2 1 843 1260 1419 AND
2 1 844 1261 1420 AND
2 1 845 1262 1421 AND
2 1 846 1263 1422 AND
2 1 847 1264 1423 AND
2 1 848 1265 1424 AND
2 1 849 1266 1425 AND
2 1 850 1267 1426 AND
2 1 851 1268 1427 AND
2 1 852 1269 1428 AND
2 1 853 1270 1429 AND
2 1 854 1271 1430 AND
2 1 855 1272 1431 AND
2 1 856 1273 1432 AND
2 1 857 1274 1433 AND
2 1 858 1275 1434 AND
2 1 859 1276 1435 AND
2 1 860 1277 1436 AND
2 1 861 1278 1437 AND
2 1 862 1279 1438 AND
2 1 863 1200 1439 AND
2 1 864 1201 1440 AND
2 1 865 1202 1441 AND
2 1 866 1203 1442 AND
2 1 867 1204 1443 AND
2 1 868 1205 1444 AND
2 1 869 1206 1445 AND
2 1 870 1207 1446 AND
2 1 871 1208 1447 AND
2 1 872 1209 1448 AND
2 1 873 1210 1449 AND
2 1 874 1211 1450 AND
2 1 875 1212 1451 AND
2 1 876 1213 1452 AND
2 1 877 1214 1453 AND
2 1 878 1215 1454 AND
2 1 879 1144 1455 AND
2 1 880 1145 1456 AND
2 1 881 1146 1457 AND
2 1 882 1147 1458 AND
2 1 883 1148 1459 AND
2 1 884 1149 1460 AND
2 1 885 1150 1461 AND
2 1 886 1151 1462 AND
2 1 887 1084 1463 AND
2 1 888 1085 1464 AND
2 1 889 1086 1465 AND
2 1 890 1087 1466 AND
2 1 891 1022 1467 AND
2 1 892 1023 1468 AND
2 1 893 959 1469 AND
2 1 894 767 1470 AND
1 1 767 1471 EQW
2 1 1344 1345 1472 XOR
2 1 1472 1346 1473 XOR
2 1 1473 1347 1474 XOR
2 1 1474 1348 1475 XOR
2 1 1475 1349 1476 XOR
2 1 1476 1350 1477 XOR
2 1 1477 1351 1478 XOR
2 1 1478 1352 1479 XOR
2 1 1479 1353 1480 XOR
2 1 1480 1354 1481 XOR
2 1 1481 1355 1482 XOR
2 1 1482 1356 1483 XOR
2 1 1483 1357 1484 XOR
2 1 1484 1358 1485 XOR
2 1 1485 1359 1486 XOR
2 1 1486 1360 1487 XOR
2 1 1487 1361 1488 XOR
2 1 1488 1362 1489 XOR
2 1 1489 1363 1490 XOR
2 1 1490 1364 1491 XOR
2 1 1491 1365 1492 XOR
2 1 1492 1366 1493 XOR
2 1 1493 1367 1494 XOR
2 1 1494 1368 1495 XOR
2 1 1495 1369 1496 XOR
2 1 1496 1370 1497 XOR
2 1 1497 1371 1498 XOR
2 1 1498 1372 1499 XOR
2 1 1499 1373 1500 XOR
2 1 1500 1374 1501 XOR
2 1 1501 1375 1502 XOR
2 1 1502 1376 1503 XOR
2 1 1503 1377 1504 XOR
2 1 1504 1378 1505 XOR
2 1 1505 1379 1506 XOR
2 1 1506 1380 1507 XOR
2 1 1507 1381 1508 XOR
2 1 1508 1382 1509 XOR
2 1 1509 1383 1510 XOR
2 1 1510 1384 1511 XOR
2 1 1511 1385 1512 XOR
2 1 1512 1386 1513 XOR
2 1 1513 1387 1514 XOR
2 1 1514 1388 1515 XOR
2 1 1515 1389 1516 XOR
2 1 1516 1390 1517 XOR
2 1 1517 1391 1518 XOR
2 1 1518 1392 1519 XOR
2 1 1519 1393 1520 XOR
2 1 1520 1394 1521 XOR
2 1 1521 1395 1522 XOR
2 1 1522 1396 1523 XOR
2 1 1523 1397 1524 XOR
2 1 1524 1398 1525 XOR
2 1 1525 1399 1526 XOR
2 1 1526 1400 1527 XOR
2 1 1527 1401 1528 XOR
2 1 1528 1402 1529 XOR
2 1 1529 1403 1530 XOR
2 1 1530 1404 1531 XOR
2 1 1531 1405 1532 XOR
2 1 1532 1406 1533 XOR
2 1 1533 1407 1534 XOR
2 1 1534 1408 1535 XOR
2 1 1535 1409 1536 XOR
2 1 1536 1410 1537 XOR
2 1 1537 1411 1538 XOR
2 1 1538 1412 1539 XOR
2 1 1539 1413 1540 XOR
2 1 1540 1414 1541 XOR
2 1 1541 1415 1542 XOR
2 1 1542 1416 1543 XOR
2 1 1543 1417 1544 XOR
2 1 1544 1418 1545 XOR
2 1 1545 1419 1546 XOR
2 1 1546 1420 1547 XOR
2 1 1547 1421 1548 XOR
2 1 1548 1422 1549 XOR
2 1 1549 1423 1550 XOR
2 1 1550 1424 1551 XOR
2 1 1551 1425 1552 XOR
2 1 1552 1426 1553 XOR
2 1 1553 1427 1554 XOR
2 1 1554 1428 1555 XOR
2 1 1555 1429 1556 XOR
2 1 1556 1430 1557 XOR
2 1 1557 1431 1558 XOR
2 1 1558 1432 1559 XOR
2 1 1559 1433 1560 XOR
2 1 1560 1434 1561 XOR
2 1 1561 1435 1562 XOR
2 1 1562 1436 1563 XOR
2 1 1563 1437 1564 XOR
2 1 1564 1438 1565 XOR
2 1 1565 1439 1566 XOR
2 1 1566 1440 1567 XOR
2 1 1567 1441 1568 XOR
2 1 1568 1442 1569 XOR
2 1 1569 1443 1570 XOR
2 1 1570 1444 1571 XOR
2 1 1571 1445 1572 XOR
2 1 1572 1446 1573 XOR
2 1 1573 1447 1574 XOR
2 1 1574 1448 1575 XOR
2 1 1575 1449 1576 XOR
2 1 1576 1450 1577 XOR
2 1 1577 1451 1578 XOR
2 1 1578 1452 1579 XOR
2 1 1579 1453 1580 XOR
2 1 1580 1454 1581 XOR
2 1 1581 1455 1582 XOR
2 1 1582 1456 1583 XOR
2 1 1583 1457 1584 XOR
2 1 1584 1458 1585 XOR
2 1 1585 1459 1586 XOR
2 1 1586 1460 1587 XOR
2 1 1587 1461 1588 XOR
2 1 1588 1462 1589 XOR
2 1 1589 1463 1590 XOR
2 1 1590 1464 1591 XOR
2 1 1591 1465 1592 XOR
2 1 1592 1466 1593 XOR
2 1 1593 1467 1594 XOR
2 1 1594 1468 1595 XOR
2 1 1595 1469 1596 XOR
2 1 1596 1470 1597 XOR
2 1 1597 1471 1598 XOR
