318 446
2 64 64
1 64

2 1 0 64 128 AND
2 1 1 65 129 AND
2 1 2 66 130 AND
2 1 3 67 131 AND
2 1 4 68 132 AND
2 1 5 69 133 AND
2 1 6 70 134 AND
2 1 7 71 135 AND
2 1 8 72 136 AND
2 1 9 73 137 AND
2 1 10 74 138 AND
2 1 11 75 139 AND
2 1 12 76 140 AND
2 1 13 77 141 AND
2 1 14 78 142 AND
2 1 15 79 143 AND
2 1 16 80 144 AND
2 1 17 81 145 AND
2 1 18 82 146 AND
2 1 19 83 147 AND
2 1 20 84 148 AND
2 1 21 85 149 AND
2 1 22 86 150 AND
2 1 23 87 151 AND
2 1 24 88 152 AND
2 1 25 89 153 AND
2 1 26 90 154 AND
2 1 27 91 155 AND
2 1 28 92 156 AND
2 1 29 93 157 AND
2 1 30 94 158 AND
2 1 31 95 159 AND
2 1 32 96 160 AND
2 1 33 97 161 AND
2 1 34 98 162 AND
2 1 35 99 163 AND
2 1 36 100 164 AND
2 1 37 101 165 AND
2 1 38 102 166 AND
2 1 39 103 167 AND
2 1 40 104 168 AND
2 1 41 105 169 AND
2 1 42 106 170 AND
2 1 43 107 171 AND
2 1 44 108 172 AND
2 1 45 109 173 AND
2 1 46 110 174 AND
2 1 47 111 175 AND
2 1 48 112 176 AND
2 1 49 113 177 AND
2 1 50 114 178 AND
2 1 51 115 179 AND
2 1 52 116 180 AND
2 1 53 117 181 AND
2 1 54 118 182 AND
2 1 55 119 183 AND
2 1 56 120 184 AND
2 1 57 121 185 AND
2 1 58 122 186 AND
2 1 59 123 187 AND
2 1 60 124 188 AND
2 1 61 125 189 AND
2 1 62 126 190 AND
2 1 63 127 191 AND
2 1 0 64 192 XOR
2 1 1 65 193 XOR
2 1 2 66 194 XOR
2 1 3 67 195 XOR
2 1 4 68 196 XOR
2 1 5 69 197 XOR
2 1 6 70 198 XOR
2 1 7 71 199 XOR
2 1 8 72 200 XOR
2 1 9 73 201 XOR
2 1 10 74 202 XOR
2 1 11 75 203 XOR
2 1 12 76 204 XOR
2 1 13 77 205 XOR
2 1 14 78 206 XOR
2 1 15 79 207 XOR
2 1 16 80 208 XOR
2 1 17 81 209 XOR
2 1 18 82 210 XOR
2 1 19 83 211 XOR
2 1 20 84 212 XOR
2 1 21 85 213 XOR
2 1 22 86 214 XOR
2 1 23 87 215 XOR
2 1 24 88 216 XOR
2 1 25 89 217 XOR
2 1 26 90 218 XOR
2 1 27 91 219 XOR
2 1 28 92 220 XOR
2 1 29 93 221 XOR
2 1 30 94 222 XOR
2 1 31 95 223 XOR
2 1 32 96 224 XOR
2 1 33 97 225 XOR
2 1 34 98 226 XOR
2 1 35 99 227 XOR
2 1 36 100 228 XOR
2 1 37 101 229 XOR
2 1 38 102 230 XOR
2 1 39 103 231 XOR
2 1 40 104 232 XOR
2 1 41 105 233 XOR
2 1 42 106 234 XOR
2 1 43 107 235 XOR
2 1 44 108 236 XOR
2 1 45 109 237 XOR
2 1 46 110 238 XOR
2 1 47 111 239 XOR
2 1 48 112 240 XOR
2 1 49 113 241 XOR
2 1 50 114 242 XOR
2 1 51 115 243 XOR
2 1 52 116 244 XOR
2 1 53 117 245 XOR
2 1 54 118 246 XOR
2 1 55 119 247 XOR
2 1 56 120 248 XOR
2 1 57 121 249 XOR
2 1 58 122 250 XOR
2 1 59 123 251 XOR
2 1 60 124 252 XOR
2 1 61 125 253 XOR
2 1 62 126 254 XOR
2 1 63 127 255 XOR
2 1 193 128 256 AND
2 1 129 256 257 XOR
2 1 194 257 258 AND
2 1 130 258 259 XOR
2 1 195 259 260 AND
2 1 131 260 261 XOR
2 1 196 261 262 AND
2 1 132 262 263 XOR
2 1 197 263 264 AND
2 1 133 264 265 XOR
2 1 198 265 266 AND
2 1 134 266 267 XOR
2 1 199 267 268 AND
2 1 135 268 269 XOR
2 1 200 269 270 AND
2 1 136 270 271 XOR
2 1 201 271 272 AND
2 1 137 272 273 XOR
2 1 202 273 274 AND
2 1 138 274 275 XOR
2 1 203 275 276 AND
2 1 139 276 277 XOR
2 1 204 277 278 AND
2 1 140 278 279 XOR
2 1 205 279 280 AND
2 1 141 280 281 XOR
2 1 206 281 282 AND
2 1 142 282 283 XOR
2 1 207 283 284 AND
2 1 143 284 285 XOR
2 1 208 285 286 AND
2 1 144 286 287 XOR
2 1 209 287 288 AND
2 1 145 288 289 XOR
2 1 210 289 290 AND
2 1 146 290 291 XOR
2 1 211 291 292 AND
2 1 147 292 293 XOR
2 1 212 293 294 AND
2 1 148 294 295 XOR
2 1 213 295 296 AND
2 1 149 296 297 XOR
2 1 214 297 298 AND
2 1 150 298 299 XOR
2 1 215 299 300 AND
2 1 151 300 301 XOR
2 1 216 301 302 AND
2 1 152 302 303 XOR
2 1 217 303 304 AND
2 1 153 304 305 XOR
2 1 218 305 306 AND
2 1 154 306 307 XOR
2 1 219 307 308 AND
2 1 155 308 309 XOR
2 1 220 309 310 AND
2 1 156 310 311 XOR
2 1 221 311 312 AND
2 1 157 312 313 XOR
2 1 222 313 314 AND
2 1 158 314 315 XOR
2 1 223 315 316 AND
2 1 159 316 317 XOR
2 1 224 317 318 AND
2 1 160 318 319 XOR
2 1 225 319 320 AND
2 1 161 320 321 XOR
2 1 226 321 322 AND
2 1 162 322 323 XOR
2 1 227 323 324 AND
2 1 163 324 325 XOR
2 1 228 325 326 AND
2 1 164 326 327 XOR
2 1 229 327 328 AND
2 1 165 328 329 XOR
2 1 230 329 330 AND
2 1 166 330 331 XOR
2 1 231 331 332 AND
2 1 167 332 333 XOR
2 1 232 333 334 AND
2 1 168 334 335 XOR
2 1 233 335 336 AND
2 1 169 336 337 XOR
2 1 234 337 338 AND
2 1 170 338 339 XOR
2 1 235 339 340 AND
2 1 171 340 341 XOR
2 1 236 341 342 AND
2 1 172 342 343 XOR
2 1 237 343 344 AND
2 1 173 344 345 XOR
2 1 238 345 346 AND
2 1 174 346 347 XOR
2 1 239 347 348 AND
2 1 175 348 349 XOR
2 1 240 349 350 AND
2 1 176 350 351 XOR
2 1 241 351 352 AND
2 1 177 352 353 XOR
2 1 242 353 354 AND
2 1 178 354 355 XOR
2 1 243 355 356 AND
2 1 179 356 357 XOR
2 1 244 357 358 AND
2 1 180 358 359 XOR
2 1 245 359 360 AND
2 1 181 360 361 XOR
2 1 246 361 362 AND
2 1 182 362 363 XOR
2 1 247 363 364 AND
2 1 183 364 365 XOR
2 1 248 365 366 AND
2 1 184 366 367 XOR
2 1 249 367 368 AND
2 1 185 368 369 XOR
2 1 250 369 370 AND
2 1 186 370 371 XOR
2 1 251 371 372 AND
2 1 187 372 373 XOR
2 1 252 373 374 AND
2 1 188 374 375 XOR
2 1 253 375 376 AND
2 1 189 376 377 XOR
2 1 254 377 378 AND
2 1 190 378 379 XOR
2 1 255 379 380 AND
2 1 191 380 381 XOR
1 1 192 382 EQW
2 1 193 128 383 XOR
2 1 194 257 384 XOR
2 1 195 259 385 XOR
2 1 196 261 386 XOR
2 1 197 263 387 XOR
2 1 198 265 388 XOR
2 1 199 267 389 XOR
2 1 200 269 390 XOR
2 1 201 271 391 XOR
2 1 202 273 392 XOR
2 1 203 275 393 XOR
2 1 204 277 394 XOR
2 1 205 279 395 XOR
2 1 206 281 396 XOR
2 1 207 283 397 XOR
2 1 208 285 398 XOR
2 1 209 287 399 XOR
2 1 210 289 400 XOR
2 1 211 291 401 XOR
2 1 212 293 402 XOR
2 1 213 295 403 XOR
2 1 214 297 404 XOR
2 1 215 299 405 XOR
2 1 216 301 406 XOR
2 1 217 303 407 XOR
2 1 218 305 408 XOR
2 1 219 307 409 XOR
2 1 220 309 410 XOR
2 1 221 311 411 XOR
2 1 222 313 412 XOR
2 1 223 315 413 XOR
2 1 224 317 414 XOR
2 1 225 319 415 XOR
2 1 226 321 416 XOR
2 1 227 323 417 XOR
2 1 228 325 418 XOR
2 1 229 327 419 XOR
2 1 230 329 420 XOR
2 1 231 331 421 XOR
2 1 232 333 422 XOR
2 1 233 335 423 XOR
2 1 234 337 424 XOR
2 1 235 339 425 XOR
2 1 236 341 426 XOR
2 1 237 343 427 XOR
2 1 238 345 428 XOR
2 1 239 347 429 XOR
2 1 240 349 430 XOR
2 1 241 351 431 XOR
2 1 242 353 432 XOR
2 1 243 355 433 XOR
2 1 244 357 434 XOR
2 1 245 359 435 XOR
2 1 246 361 436 XOR
2 1 247 363 437 XOR
2 1 248 365 438 XOR
2 1 249 367 439 XOR
2 1 250 369 440 XOR
2 1 251 371 441 XOR
2 1 252 373 442 XOR
2 1 253 375 443 XOR
2 1 254 377 444 XOR
2 1 255 379 445 XOR
