638 894
2 128 128
1 128

2 1 0 128 256 AND
2 1 1 129 257 AND
2 1 2 130 258 AND
2 1 3 131 259 AND
2 1 4 132 260 AND
2 1 5 133 261 AND
2 1 6 134 262 AND
2 1 7 135 263 AND
2 1 8 136 264 AND
2 1 9 137 265 AND
2 1 10 138 266 AND
2 1 11 139 267 AND
2 1 12 140 268 AND
2 1 13 141 269 AND
2 1 14 142 270 AND
2 1 15 143 271 AND
2 1 16 144 272 AND
2 1 17 145 273 AND
2 1 18 146 274 AND
2 1 19 147 275 AND
2 1 20 148 276 AND
2 1 21 149 277 AND
2 1 22 150 278 AND
2 1 23 151 279 AND
2 1 24 152 280 AND
2 1 25 153 281 AND
2 1 26 154 282 AND
2 1 27 155 283 AND
2 1 28 156 284 AND
2 1 29 157 285 AND
2 1 30 158 286 AND
2 1 31 159 287 AND
2 1 32 160 288 AND
2 1 33 161 289 AND
2 1 34 162 290 AND
2 1 35 163 291 AND
2 1 36 164 292 AND
2 1 37 165 293 AND
2 1 38 166 294 AND
2 1 39 167 295 AND
2 1 40 168 296 AND
2 1 41 169 297 AND
2 1 42 170 298 AND
2 1 43 171 299 AND
2 1 44 172 300 AND
2 1 45 173 301 AND
2 1 46 174 302 AND
2 1 47 175 303 AND
2 1 48 176 304 AND
2 1 49 177 305 AND
2 1 50 178 306 AND
2 1 51 179 307 AND
2 1 52 180 308 AND
2 1 53 181 309 AND
2 1 54 182 310 AND
2 1 55 183 311 AND
2 1 56 184 312 AND
2 1 57 185 313 AND
2 1 58 186 314 AND
2 1 59 187 315 AND
2 1 60 188 316 AND
2 1 61 189 317 AND
2 1 62 190 318 AND
2 1 63 191 319 AND
2 1 64 192 320 AND
2 1 65 193 321 AND
2 1 66 194 322 AND
2 1 67 195 323 AND
2 1 68 196 324 AND
2 1 69 197 325 AND
2 1 70 198 326 AND
2 1 71 199 327 AND
2 1 72 200 328 AND
2 1 73 201 329 AND
2 1 74 202 330 AND
2 1 75 203 331 AND
2 1 76 204 332 AND
2 1 77 205 333 AND
2 1 78 206 334 AND
2 1 79 207 335 AND
2 1 80 208 336 AND
2 1 81 209 337 AND
2 1 82 210 338 AND
2 1 83 211 339 AND
2 1 84 212 340 AND
2 1 85 213 341 AND
2 1 86 214 342 AND
2 1 87 215 343 AND
2 1 88 216 344 AND
2 1 89 217 345 AND
2 1 90 218 346 AND
2 1 91 219 347 AND
2 1 92 220 348 AND
2 1 93 221 349 AND
2 1 94 222 350 AND
2 1 95 223 351 AND
2 1 96 224 352 AND
2 1 97 225 353 AND
2 1 98 226 354 AND
2 1 99 227 355 AND
2 1 100 228 356 AND
2 1 101 229 357 AND
2 1 102 230 358 AND
2 1 103 231 359 AND
2 1 104 232 360 AND
2 1 105 233 361 AND
2 1 106 234 362 AND
2 1 107 235 363 AND
2 1 108 236 364 AND
2 1 109 237 365 AND
2 1 110 238 366 AND
2 1 111 239 367 AND
2 1 112 240 368 AND
2 1 113 241 369 AND
2 1 114 242 370 AND
2 1 115 243 371 AND
2 1 116 244 372 AND
2 1 117 245 373 AND
2 1 118 246 374 AND
2 1 119 247 375 AND
2 1 120 248 376 AND
2 1 121 249 377 AND
2 1 122 250 378 AND
2 1 123 251 379 AND
2 1 124 252 380 AND
2 1 125 253 381 AND
2 1 126 254 382 AND
2 1 127 255 383 AND
2 1 0 128 384 XOR
2 1 1 129 385 XOR
2 1 2 130 386 XOR
2 1 3 131 387 XOR
2 1 4 132 388 XOR
2 1 5 133 389 XOR
2 1 6 134 390 XOR
2 1 7 135 391 XOR
2 1 8 136 392 XOR
2 1 9 137 393 XOR
2 1 10 138 394 XOR
2 1 11 139 395 XOR
2 1 12 140 396 XOR
2 1 13 141 397 XOR
2 1 14 142 398 XOR
2 1 15 143 399 XOR
2 1 16 144 400 XOR
2 1 17 145 401 XOR
2 1 18 146 402 XOR
2 1 19 147 403 XOR
2 1 20 148 404 XOR
2 1 21 149 405 XOR
2 1 22 150 406 XOR
2 1 23 151 407 XOR
2 1 24 152 408 XOR
2 1 25 153 409 XOR
2 1 26 154 410 XOR
2 1 27 155 411 XOR
2 1 28 156 412 XOR
2 1 29 157 413 XOR
2 1 30 158 414 XOR
2 1 31 159 415 XOR
2 1 32 160 416 XOR
2 1 33 161 417 XOR
2 1 34 162 418 XOR
2 1 35 163 419 XOR
2 1 36 164 420 XOR
2 1 37 165 421 XOR
2 1 38 166 422 XOR
2 1 39 167 423 XOR
2 1 40 168 424 XOR
2 1 41 169 425 XOR
2 1 42 170 426 XOR
2 1 43 171 427 XOR
2 1 44 172 428 XOR
2 1 45 173 429 XOR
2 1 46 174 430 XOR
2 1 47 175 431 XOR
2 1 48 176 432 XOR
2 1 49 177 433 XOR
2 1 50 178 434 XOR
2 1 51 179 435 XOR
2 1 52 180 436 XOR
2 1 53 181 437 XOR
2 1 54 182 438 XOR
2 1 55 183 439 XOR
2 1 56 184 440 XOR
2 1 57 185 441 XOR
2 1 58 186 442 XOR
2 1 59 187 443 XOR
2 1 60 188 444 XOR
2 1 61 189 445 XOR
2 1 62 190 446 XOR
2 1 63 191 447 XOR
2 1 64 192 448 XOR
2 1 65 193 449 XOR
2 1 66 194 450 XOR
2 1 67 195 451 XOR
2 1 68 196 452 XOR
2 1 69 197 453 XOR
2 1 70 198 454 XOR
2 1 71 199 455 XOR
2 1 72 200 456 XOR
2 1 73 201 457 XOR
2 1 74 202 458 XOR
2 1 75 203 459 XOR
2 1 76 204 460 XOR
2 1 77 205 461 XOR
2 1 78 206 462 XOR
2 1 79 207 463 XOR
2 1 80 208 464 XOR
2 1 81 209 465 XOR
2 1 82 210 466 XOR
2 1 83 211 467 XOR
2 1 84 212 468 XOR
2 1 85 213 469 XOR
2 1 86 214 470 XOR
2 1 87 215 471 XOR
2 1 88 216 472 XOR
2 1 89 217 473 XOR
2 1 90 218 474 XOR
2 1 91 219 475 XOR
2 1 92 220 476 XOR
2 1 93 221 477 XOR
2 1 94 222 478 XOR
2 1 95 223 479 XOR
2 1 96 224 480 XOR
2 1 97 225 481 XOR
2 1 98 226 482 XOR
2 1 99 227 483 XOR
2 1 100 228 484 XOR
2 1 101 229 485 XOR
2 1 102 230 486 XOR
2 1 103 231 487 XOR
2 1 104 232 488 XOR
2 1 105 233 489 XOR
2 1 106 234 490 XOR
2 1 107 235 491 XOR
2 1 108 236 492 XOR
2 1 109 237 493 XOR
2 1 110 238 494 XOR
2 1 111 239 495 XOR
2 1 112 240 496 XOR
2 1 113 241 497 XOR
2 1 114 242 498 XOR
2 1 115 243 499 XOR
2 1 116 244 500 XOR
2 1 117 245 501 XOR
2 1 118 246 502 XOR
2 1 119 247 503 XOR
2 1 120 248 504 XOR
2 1 121 249 505 XOR
2 1 122 250 506 XOR
2 1 123 251 507 XOR
2 1 124 252 508 XOR
2 1 125 253 509 XOR
2 1 126 254 510 XOR
2 1 127 255 511 XOR
2 1 385 256 512 AND
2 1 257 512 513 XOR
2 1 386 513 514 AND
2 1 258 514 515 XOR
2 1 387 515 516 AND
2 1 259 516 517 XOR
2 1 388 517 518 AND
2 1 260 518 519 XOR
2 1 389 519 520 AND
2 1 261 520 521 XOR
2 1 390 521 522 AND
2 1 262 522 523 XOR
2 1 391 523 524 AND
2 1 263 524 525 XOR
2 1 392 525 526 AND
2 1 264 526 527 XOR
2 1 393 527 528 AND
2 1 265 528 529 XOR
2 1 394 529 530 AND
2 1 266 530 531 XOR
2 1 395 531 532 AND
2 1 267 532 533 XOR
2 1 396 533 534 AND
2 1 268 534 535 XOR
2 1 397 535 536 AND
2 1 269 536 537 XOR
2 1 398 537 538 AND
2 1 270 538 539 XOR
2 1 399 539 540 AND
2 1 271 540 541 XOR
2 1 400 541 542 AND
2 1 272 542 543 XOR
2 1 401 543 544 AND
2 1 273 544 545 XOR
2 1 402 545 546 AND
2 1 274 546 547 XOR
2 1 403 547 548 AND
2 1 275 548 549 XOR
2 1 404 549 550 AND
2 1 276 550 551 XOR
2 1 405 551 552 AND
2 1 277 552 553 XOR
2 1 406 553 554 AND
2 1 278 554 555 XOR
2 1 407 555 556 AND
2 1 279 556 557 XOR
2 1 408 557 558 AND
2 1 280 558 559 XOR
2 1 409 559 560 AND
2 1 281 560 561 XOR
2 1 410 561 562 AND
2 1 282 562 563 XOR
2 1 411 563 564 AND
2 1 283 564 565 XOR
2 1 412 565 566 AND
2 1 284 566 567 XOR
2 1 413 567 568 AND
2 1 285 568 569 XOR
2 1 414 569 570 AND
2 1 286 570 571 XOR
2 1 415 571 572 AND
2 1 287 572 573 XOR
2 1 416 573 574 AND
2 1 288 574 575 XOR
2 1 417 575 576 AND
2 1 289 576 577 XOR
2 1 418 577 578 AND
2 1 290 578 579 XOR
2 1 419 579 580 AND
2 1 291 580 581 XOR
2 1 420 581 582 AND
2 1 292 582 583 XOR
2 1 421 583 584 AND
2 1 293 584 585 XOR
2 1 422 585 586 AND
2 1 294 586 587 XOR
2 1 423 587 588 AND
2 1 295 588 589 XOR
2 1 424 589 590 AND
2 1 296 590 591 XOR
2 1 425 591 592 AND
2 1 297 592 593 XOR
2 1 426 593 594 AND
2 1 298 594 595 XOR
2 1 427 595 596 AND
2 1 299 596 597 XOR
2 1 428 597 598 AND
2 1 300 598 599 XOR
2 1 429 599 600 AND
2 1 301 600 601 XOR
2 1 430 601 602 AND
2 1 302 602 603 XOR
2 1 431 603 604 AND
2 1 303 604 605 XOR
2 1 432 605 606 AND
2 1 304 606 607 XOR
2 1 433 607 608 AND
2 1 305 608 609 XOR
2 1 434 609 610 AND
2 1 306 610 611 XOR
2 1 435 611 612 AND
2 1 307 612 613 XOR
2 1 436 613 614 AND
2 1 308 614 615 XOR
2 1 437 615 616 AND
2 1 309 616 617 XOR
2 1 438 617 618 AND
2 1 310 618 619 XOR
2 1 439 619 620 AND
2 1 311 620 621 XOR
2 1 440 621 622 AND
2 1 312 622 623 XOR
2 1 441 623 624 AND
2 1 313 624 625 XOR
2 1 442 625 626 AND
2 1 314 626 627 XOR
2 1 443 627 628 AND
2 1 315 628 629 XOR
2 1 444 629 630 AND
2 1 316 630 631 XOR
2 1 445 631 632 AND
2 1 317 632 633 XOR
2 1 446 633 634 AND
2 1 318 634 635 XOR
2 1 447 635 636 AND
2 1 319 636 637 XOR
2 1 448 637 638 AND
2 1 320 638 639 XOR
2 1 449 639 640 AND
2 1 321 640 641 XOR
2 1 450 641 642 AND
2 1 322 642 643 XOR
2 1 451 643 644 AND
2 1 323 644 645 XOR
2 1 452 645 646 AND
2 1 324 646 647 XOR
2 1 453 647 648 AND
2 1 325 648 649 XOR
2 1 454 649 650 AND
2 1 326 650 651 XOR
2 1 455 651 652 AND
2 1 327 652 653 XOR
2 1 456 653 654 AND
2 1 328 654 655 XOR
2 1 457 655 656 AND
2 1 329 656 657 XOR
2 1 458 657 658 AND
2 1 330 658 659 XOR
2 1 459 659 660 AND
2 1 331 660 661 XOR
2 1 460 661 662 AND
2 1 332 662 663 XOR
2 1 461 663 664 AND
2 1 333 664 665 XOR
2 1 462 665 666 AND
2 1 334 666 667 XOR
2 1 463 667 668 AND
2 1 335 668 669 XOR
2 1 464 669 670 AND
2 1 336 670 671 XOR
2 1 465 671 672 AND
2 1 337 672 673 XOR
2 1 466 673 674 AND
2 1 338 674 675 XOR
2 1 467 675 676 AND
2 1 339 676 677 XOR
2 1 468 677 678 AND
2 1 340 678 679 XOR
2 1 469 679 680 AND
2 1 341 680 681 XOR
2 1 470 681 682 AND
2 1 342 682 683 XOR
2 1 471 683 684 AND
2 1 343 684 685 XOR
2 1 472 685 686 AND
2 1 344 686 687 XOR
2 1 473 687 688 AND
2 1 345 688 689 XOR
2 1 474 689 690 AND
2 1 346 690 691 XOR
2 1 475 691 692 AND
2 1 347 692 693 XOR
2 1 476 693 694 AND
2 1 348 694 695 XOR
2 1 477 695 696 AND
2 1 349 696 697 XOR
2 1 478 697 698 AND
2 1 350 698 699 XOR
2 1 479 699 700 AND
2 1 351 700 701 XOR
2 1 480 701 702 AND
2 1 352 702 703 XOR
2 1 481 703 704 AND
2 1 353 704 705 XOR
2 1 482 705 706 AND
2 1 354 706 707 XOR
2 1 483 707 708 AND
2 1 355 708 709 XOR
2 1 484 709 710 AND
2 1 356 710 711 XOR
2 1 485 711 712 AND
2 1 357 712 713 XOR
2 1 486 713 714 AND
2 1 358 714 715 XOR
2 1 487 715 716 AND
2 1 359 716 717 XOR
2 1 488 717 718 AND
2 1 360 718 719 XOR
2 1 489 719 720 AND
2 1 361 720 721 XOR
2 1 490 721 722 AND
2 1 362 722 723 XOR
2 1 491 723 724 AND
2 1 363 724 725 XOR
2 1 492 725 726 AND
2 1 364 726 727 XOR
2 1 493 727 728 AND
2 1 365 728 729 XOR
2 1 494 729 730 AND
2 1 366 730 731 XOR
2 1 495 731 732 AND
2 1 367 732 733 XOR
2 1 496 733 734 AND
2 1 368 734 735 XOR
2 1 497 735 736 AND
2 1 369 736 737 XOR
2 1 498 737 738 AND
2 1 370 738 739 XOR
2 1 499 739 740 AND
2 1 371 740 741 XOR
2 1 500 741 742 AND
2 1 372 742 743 XOR
2 1 501 743 744 AND
2 1 373 744 745 XOR
2 1 502 745 746 AND
2 1 374 746 747 XOR
2 1 503 747 748 AND
2 1 375 748 749 XOR
2 1 504 749 750 AND
2 1 376 750 751 XOR
2 1 505 751 752 AND
2 1 377 752 753 XOR
2 1 506 753 754 AND
2 1 378 754 755 XOR
2 1 507 755 756 AND
2 1 379 756 757 XOR
2 1 508 757 758 AND
2 1 380 758 759 XOR
2 1 509 759 760 AND
2 1 381 760 761 XOR
2 1 510 761 762 AND
2 1 382 762 763 XOR
2 1 511 763 764 AND
2 1 383 764 765 XOR
1 1 384 766 EQW
2 1 385 256 767 XOR
2 1 386 513 768 XOR
2 1 387 515 769 XOR
2 1 388 517 770 XOR
2 1 389 519 771 XOR
2 1 390 521 772 XOR
2 1 391 523 773 XOR
2 1 392 525 774 XOR
2 1 393 527 775 XOR
2 1 394 529 776 XOR
2 1 395 531 777 XOR
2 1 396 533 778 XOR
2 1 397 535 779 XOR
2 1 398 537 780 XOR
2 1 399 539 781 XOR
2 1 400 541 782 XOR
2 1 401 543 783 XOR
2 1 402 545 784 XOR
2 1 403 547 785 XOR
2 1 404 549 786 XOR
2 1 405 551 787 XOR
2 1 406 553 788 XOR
2 1 407 555 789 XOR
2 1 408 557 790 XOR
2 1 409 559 791 XOR
2 1 410 561 792 XOR
2 1 411 563 793 XOR
2 1 412 565 794 XOR
2 1 413 567 795 XOR
2 1 414 569 796 XOR
2 1 415 571 797 XOR
2 1 416 573 798 XOR
2 1 417 575 799 XOR
2 1 418 577 800 XOR
2 1 419 579 801 XOR
2 1 420 581 802 XOR
2 1 421 583 803 XOR
2 1 422 585 804 XOR
2 1 423 587 805 XOR
2 1 424 589 806 XOR
2 1 425 591 807 XOR
2 1 426 593 808 XOR
2 1 427 595 809 XOR
2 1 428 597 810 XOR
2 1 429 599 811 XOR
2 1 430 601 812 XOR
2 1 431 603 813 XOR
2 1 432 605 814 XOR
2 1 433 607 815 XOR
2 1 434 609 816 XOR
2 1 435 611 817 XOR
2 1 436 613 818 XOR
2 1 437 615 819 XOR
2 1 438 617 820 XOR
2 1 439 619 821 XOR
2 1 440 621 822 XOR
2 1 441 623 823 XOR
2 1 442 625 824 XOR
2 1 443 627 825 XOR
2 1 444 629 826 XOR
2 1 445 631 827 XOR
2 1 446 633 828 XOR
2 1 447 635 829 XOR
2 1 448 637 830 XOR
2 1 449 639 831 XOR
2 1 450 641 832 XOR
2 1 451 643 833 XOR
2 1 452 645 834 XOR
2 1 453 647 835 XOR
2 1 454 649 836 XOR
2 1 455 651 837 XOR
2 1 456 653 838 XOR
2 1 457 655 839 XOR
2 1 458 657 840 XOR
2 1 459 659 841 XOR
2 1 460 661 842 XOR
2 1 461 663 843 XOR
2 1 462 665 844 XOR
2 1 463 667 845 XOR
2 1 464 669 846 XOR
2 1 465 671 847 XOR
2 1 466 673 848 XOR
2 1 467 675 849 XOR
2 1 468 677 850 XOR
2 1 469 679 851 XOR
2 1 470 681 852 XOR
2 1 471 683 853 XOR
2 1 472 685 854 XOR
2 1 473 687 855 XOR
2 1 474 689 856 XOR
2 1 475 691 857 XOR
2 1 476 693 858 XOR
2 1 477 695 859 XOR
2 1 478 697 860 XOR
2 1 479 699 861 XOR
2 1 480 701 862 XOR
2 1 481 703 863 XOR
2 1 482 705 864 XOR
2 1 483 707 865 XOR
2 1 484 709 866 XOR
2 1 485 711 867 XOR
2 1 486 713 868 XOR
2 1 487 715 869 XOR
2 1 488 717 870 XOR
2 1 489 719 871 XOR
2 1 490 721 872 XOR
2 1 491 723 873 XOR
2 1 492 725 874 XOR
2 1 493 727 875 XOR
2 1 494 729 876 XOR
2 1 495 731 877 XOR
2 1 496 733 878 XOR
2 1 497 735 879 XOR
2 1 498 737 880 XOR
2 1 499 739 881 XOR
2 1 500 741 882 XOR
2 1 501 743 883 XOR
2 1 502 745 884 XOR
2 1 503 747 885 XOR
2 1 504 749 886 XOR
2 1 505 751 887 XOR
2 1 506 753 888 XOR
2 1 507 755 889 XOR
2 1 508 757 890 XOR
2 1 509 759 891 XOR
2 1 510 761 892 XOR
2 1 511 763 893 XOR
