78 110
2 16 16
1 16

2 1 0 16 32 AND
2 1 1 17 33 AND
2 1 2 18 34 AND
2 1 3 19 35 AND
2 1 4 20 36 AND
2 1 5 21 37 AND
2 1 6 22 38 AND
2 1 7 23 39 AND
2 1 8 24 40 AND
2 1 9 25 41 AND
2 1 10 26 42 AND
2 1 11 27 43 AND
2 1 12 28 44 AND
2 1 13 29 45 AND
2 1 14 30 46 AND
2 1 15 31 47 AND
2 1 0 16 48 XOR
2 1 1 17 49 XOR
2 1 2 18 50 XOR
2 1 3 19 51 XOR
2 1 4 20 52 XOR
2 1 5 21 53 XOR
2 1 6 22 54 XOR
2 1 7 23 55 XOR
2 1 8 24 56 XOR
2 1 9 25 57 XOR
2 1 10 26 58 XOR
2 1 11 27 59 XOR
2 1 12 28 60 XOR
2 1 13 29 61 XOR
2 1 14 30 62 XOR
2 1 15 31 63 XOR
2 1 49 32 64 AND
2 1 33 64 65 XOR
2 1 50 65 66 AND
2 1 34 66 67 XOR
2 1 51 67 68 AND
2 1 35 68 69 XOR
2 1 52 69 70 AND
2 1 36 70 71 XOR
2 1 53 71 72 AND
2 1 37 72 73 XOR
2 1 54 73 74 AND
2 1 38 74 75 XOR
2 1 55 75 76 AND
2 1 39 76 77 XOR
2 1 56 77 78 AND
2 1 40 78 79 XOR
2 1 57 79 80 AND
2 1 41 80 81 XOR
2 1 58 81 82 AND
2 1 42 82 83 XOR
2 1 59 83 84 AND
2 1 43 84 85 XOR
2 1 60 85 86 AND
2 1 44 86 87 XOR
2 1 61 87 88 AND
2 1 45 88 89 XOR
2 1 62 89 90 AND
2 1 46 90 91 XOR
2 1 63 91 92 AND
2 1 47 92 93 XOR
1 1 48 94 EQW
2 1 49 32 95 XOR
2 1 50 65 96 XOR
2 1 51 67 97 XOR
2 1 52 69 98 XOR
2 1 53 71 99 XOR
2 1 54 73 100 XOR
2 1 55 75 101 XOR
2 1 56 77 102 XOR
2 1 57 79 103 XOR
2 1 58 81 104 XOR
2 1 59 83 105 XOR
2 1 60 85 106 XOR
2 1 61 87 107 XOR
2 1 62 89 108 XOR
2 1 63 91 109 XOR