158 222
2 32 32
1 32

2 1 0 32 64 AND
2 1 1 33 65 AND
2 1 2 34 66 AND
2 1 3 35 67 AND
2 1 4 36 68 AND
2 1 5 37 69 AND
2 1 6 38 70 AND
2 1 7 39 71 AND
2 1 8 40 72 AND
2 1 9 41 73 AND
2 1 10 42 74 AND
2 1 11 43 75 AND
2 1 12 44 76 AND
2 1 13 45 77 AND
2 1 14 46 78 AND
2 1 15 47 79 AND
2 1 16 48 80 AND
2 1 17 49 81 AND
2 1 18 50 82 AND
2 1 19 51 83 AND
2 1 20 52 84 AND
2 1 21 53 85 AND
2 1 22 54 86 AND
2 1 23 55 87 AND
2 1 24 56 88 AND
2 1 25 57 89 AND
2 1 26 58 90 AND
2 1 27 59 91 AND
2 1 28 60 92 AND
2 1 29 61 93 AND
2 1 30 62 94 AND
2 1 31 63 95 AND
2 1 0 32 96 XOR
2 1 1 33 97 XOR
2 1 2 34 98 XOR
2 1 3 35 99 XOR
2 1 4 36 100 XOR
2 1 5 37 101 XOR
2 1 6 38 102 XOR
2 1 7 39 103 XOR
2 1 8 40 104 XOR
2 1 9 41 105 XOR
2 1 10 42 106 XOR
2 1 11 43 107 XOR
2 1 12 44 108 XOR
2 1 13 45 109 XOR
2 1 14 46 110 XOR
2 1 15 47 111 XOR
2 1 16 48 112 XOR
2 1 17 49 113 XOR
2 1 18 50 114 XOR
2 1 19 51 115 XOR
2 1 20 52 116 XOR
2 1 21 53 117 XOR
2 1 22 54 118 XOR
2 1 23 55 119 XOR
2 1 24 56 120 XOR
2 1 25 57 121 XOR
2 1 26 58 122 XOR
2 1 27 59 123 XOR
2 1 28 60 124 XOR
2 1 29 61 125 XOR
2 1 30 62 126 XOR
2 1 31 63 127 XOR
2 1 97 64 128 AND
2 1 65 128 129 XOR
2 1 98 129 130 AND
2 1 66 130 131 XOR
2 1 99 131 132 AND
2 1 67 132 133 XOR
2 1 100 133 134 AND
2 1 68 134 135 XOR
2 1 101 135 136 AND
2 1 69 136 137 XOR
2 1 102 137 138 AND
2 1 70 138 139 XOR
2 1 103 139 140 AND
2 1 71 140 141 XOR
2 1 104 141 142 AND
2 1 72 142 143 XOR
2 1 105 143 144 AND
2 1 73 144 145 XOR
2 1 106 145 146 AND
2 1 74 146 147 XOR
2 1 107 147 148 AND
2 1 75 148 149 XOR
2 1 108 149 150 AND
2 1 76 150 151 XOR
2 1 109 151 152 AND
2 1 77 152 153 XOR
2 1 110 153 154 AND
2 1 78 154 155 XOR
2 1 111 155 156 AND
2 1 79 156 157 XOR
2 1 112 157 158 AND
2 1 80 158 159 XOR
2 1 113 159 160 AND
2 1 81 160 161 XOR
2 1 114 161 162 AND
2 1 82 162 163 XOR
2 1 115 163 164 AND
2 1 83 164 165 XOR
2 1 116 165 166 AND
2 1 84 166 167 XOR
2 1 117 167 168 AND
2 1 85 168 169 XOR
2 1 118 169 170 AND
2 1 86 170 171 XOR
2 1 119 171 172 AND
2 1 87 172 173 XOR
2 1 120 173 174 AND
2 1 88 174 175 XOR
2 1 121 175 176 AND
2 1 89 176 177 XOR
2 1 122 177 178 AND
2 1 90 178 179 XOR
2 1 123 179 180 AND
2 1 91 180 181 XOR
2 1 124 181 182 AND
2 1 92 182 183 XOR
2 1 125 183 184 AND
2 1 93 184 185 XOR
2 1 126 185 186 AND
2 1 94 186 187 XOR
2 1 127 187 188 AND
2 1 95 188 189 XOR
1 1 96 190 EQW
2 1 97 64 191 XOR
2 1 98 129 192 XOR
2 1 99 131 193 XOR
2 1 100 133 194 XOR
2 1 101 135 195 XOR
2 1 102 137 196 XOR
2 1 103 139 197 XOR
2 1 104 141 198 XOR
2 1 105 143 199 XOR
2 1 106 145 200 XOR
2 1 107 147 201 XOR
2 1 108 149 202 XOR
2 1 109 151 203 XOR
2 1 110 153 204 XOR
2 1 111 155 205 XOR
2 1 112 157 206 XOR
2 1 113 159 207 XOR
2 1 114 161 208 XOR
2 1 115 163 209 XOR
2 1 116 165 210 XOR
2 1 117 167 211 XOR
2 1 118 169 212 XOR
2 1 119 171 213 XOR
2 1 120 173 214 XOR
2 1 121 175 215 XOR
2 1 122 177 216 XOR
2 1 123 179 217 XOR
2 1 124 181 218 XOR
2 1 125 183 219 XOR
2 1 126 185 220 XOR
2 1 127 187 221 XOR
