305 369
2 32 32
1 32

2 1 0 32 64 AND
2 1 1 33 65 AND
2 1 2 34 66 AND
2 1 3 35 67 AND
2 1 4 36 68 AND
2 1 5 37 69 AND
2 1 6 38 70 AND
2 1 7 39 71 AND
2 1 8 40 72 AND
2 1 9 41 73 AND
2 1 10 42 74 AND
2 1 11 43 75 AND
2 1 12 44 76 AND
2 1 13 45 77 AND
2 1 14 46 78 AND
2 1 15 47 79 AND
2 1 16 48 80 AND
2 1 17 49 81 AND
2 1 18 50 82 AND
2 1 19 51 83 AND
2 1 20 52 84 AND
2 1 21 53 85 AND
2 1 22 54 86 AND
2 1 23 55 87 AND
2 1 24 56 88 AND
2 1 25 57 89 AND
2 1 26 58 90 AND
2 1 27 59 91 AND
2 1 28 60 92 AND
2 1 29 61 93 AND
2 1 30 62 94 AND
2 1 31 63 95 AND
2 1 0 32 96 XOR
2 1 1 33 97 XOR
2 1 2 34 98 XOR
2 1 3 35 99 XOR
2 1 4 36 100 XOR
2 1 5 37 101 XOR
2 1 6 38 102 XOR
2 1 7 39 103 XOR
2 1 8 40 104 XOR
2 1 9 41 105 XOR
2 1 10 42 106 XOR
2 1 11 43 107 XOR
2 1 12 44 108 XOR
2 1 13 45 109 XOR
2 1 14 46 110 XOR
2 1 15 47 111 XOR
2 1 16 48 112 XOR
2 1 17 49 113 XOR
2 1 18 50 114 XOR
2 1 19 51 115 XOR
2 1 20 52 116 XOR
2 1 21 53 117 XOR
2 1 22 54 118 XOR
2 1 23 55 119 XOR
2 1 24 56 120 XOR
2 1 25 57 121 XOR
2 1 26 58 122 XOR
2 1 27 59 123 XOR
2 1 28 60 124 XOR
2 1 29 61 125 XOR
2 1 30 62 126 XOR
2 1 31 63 127 XOR
2 1 127 94 128 AND
2 1 95 128 129 XOR
2 1 127 126 130 AND
2 1 125 92 131 AND
2 1 93 131 132 XOR
2 1 125 124 133 AND
2 1 123 90 134 AND
2 1 91 134 135 XOR
2 1 123 122 136 AND
2 1 121 88 137 AND
2 1 89 137 138 XOR
2 1 121 120 139 AND
2 1 119 86 140 AND
2 1 87 140 141 XOR
2 1 119 118 142 AND
2 1 117 84 143 AND
2 1 85 143 144 XOR
2 1 117 116 145 AND
2 1 115 82 146 AND
2 1 83 146 147 XOR
2 1 115 114 148 AND
2 1 113 80 149 AND
2 1 81 149 150 XOR
2 1 113 112 151 AND
2 1 111 78 152 AND
2 1 79 152 153 XOR
2 1 111 110 154 AND
2 1 109 76 155 AND
2 1 77 155 156 XOR
2 1 109 108 157 AND
2 1 107 74 158 AND
2 1 75 158 159 XOR
2 1 107 106 160 AND
2 1 105 72 161 AND
2 1 73 161 162 XOR
2 1 105 104 163 AND
2 1 103 70 164 AND
2 1 71 164 165 XOR
2 1 103 102 166 AND
2 1 101 68 167 AND
2 1 69 167 168 XOR
2 1 101 100 169 AND
2 1 99 66 170 AND
2 1 67 170 171 XOR
2 1 99 98 172 AND
2 1 97 64 173 AND
2 1 65 173 174 XOR
2 1 130 132 175 AND
2 1 129 175 176 XOR
2 1 130 133 177 AND
2 1 126 132 178 AND
2 1 94 178 179 XOR
2 1 126 133 180 AND
2 1 136 138 181 AND
2 1 135 181 182 XOR
2 1 136 139 183 AND
2 1 122 138 184 AND
2 1 90 184 185 XOR
2 1 122 139 186 AND
2 1 142 144 187 AND
2 1 141 187 188 XOR
2 1 142 145 189 AND
2 1 118 144 190 AND
2 1 86 190 191 XOR
2 1 118 145 192 AND
2 1 148 150 193 AND
2 1 147 193 194 XOR
2 1 148 151 195 AND
2 1 114 150 196 AND
2 1 82 196 197 XOR
2 1 114 151 198 AND
2 1 154 156 199 AND
2 1 153 199 200 XOR
2 1 154 157 201 AND
2 1 110 156 202 AND
2 1 78 202 203 XOR
2 1 110 157 204 AND
2 1 160 162 205 AND
2 1 159 205 206 XOR
2 1 160 163 207 AND
2 1 106 162 208 AND
2 1 74 208 209 XOR
2 1 106 163 210 AND
2 1 166 168 211 AND
2 1 165 211 212 XOR
2 1 166 169 213 AND
2 1 102 168 214 AND
2 1 70 214 215 XOR
2 1 102 169 216 AND
2 1 172 174 217 AND
2 1 171 217 218 XOR
2 1 98 174 219 AND
2 1 66 219 220 XOR
2 1 177 182 221 AND
2 1 176 221 222 XOR
2 1 177 183 223 AND
2 1 180 182 224 AND
2 1 179 224 225 XOR
2 1 180 183 226 AND
2 1 133 182 227 AND
2 1 132 227 228 XOR
2 1 133 183 229 AND
2 1 124 182 230 AND
2 1 92 230 231 XOR
2 1 124 183 232 AND
2 1 189 194 233 AND
2 1 188 233 234 XOR
2 1 189 195 235 AND
2 1 192 194 236 AND
2 1 191 236 237 XOR
2 1 192 195 238 AND
2 1 145 194 239 AND
2 1 144 239 240 XOR
2 1 145 195 241 AND
2 1 116 194 242 AND
2 1 84 242 243 XOR
2 1 116 195 244 AND
2 1 201 206 245 AND
2 1 200 245 246 XOR
2 1 201 207 247 AND
2 1 204 206 248 AND
2 1 203 248 249 XOR
2 1 204 207 250 AND
2 1 157 206 251 AND
2 1 156 251 252 XOR
2 1 157 207 253 AND
2 1 108 206 254 AND
2 1 76 254 255 XOR
2 1 108 207 256 AND
2 1 213 218 257 AND
2 1 212 257 258 XOR
2 1 216 218 259 AND
2 1 215 259 260 XOR
2 1 169 218 261 AND
2 1 168 261 262 XOR
2 1 100 218 263 AND
2 1 68 263 264 XOR
2 1 223 234 265 AND
2 1 222 265 266 XOR
2 1 223 235 267 AND
2 1 226 234 268 AND
2 1 225 268 269 XOR
2 1 226 235 270 AND
2 1 229 234 271 AND
2 1 228 271 272 XOR
2 1 229 235 273 AND
2 1 232 234 274 AND
2 1 231 274 275 XOR
2 1 232 235 276 AND
2 1 183 234 277 AND
2 1 182 277 278 XOR
2 1 183 235 279 AND
2 1 186 234 280 AND
2 1 185 280 281 XOR
2 1 186 235 282 AND
2 1 139 234 283 AND
2 1 138 283 284 XOR
2 1 139 235 285 AND
2 1 120 234 286 AND
2 1 88 286 287 XOR
2 1 120 235 288 AND
2 1 247 258 289 AND
2 1 246 289 290 XOR
2 1 250 258 291 AND
2 1 249 291 292 XOR
2 1 253 258 293 AND
2 1 252 293 294 XOR
2 1 256 258 295 AND
2 1 255 295 296 XOR
2 1 207 258 297 AND
2 1 206 297 298 XOR
2 1 210 258 299 AND
2 1 209 299 300 XOR
2 1 163 258 301 AND
2 1 162 301 302 XOR
2 1 104 258 303 AND
2 1 72 303 304 XOR
2 1 267 290 305 AND
2 1 266 305 306 XOR
2 1 270 290 307 AND
2 1 269 307 308 XOR
2 1 273 290 309 AND
2 1 272 309 310 XOR
2 1 276 290 311 AND
2 1 275 311 312 XOR
2 1 279 290 313 AND
2 1 278 313 314 XOR
2 1 282 290 315 AND
2 1 281 315 316 XOR
2 1 285 290 317 AND
2 1 284 317 318 XOR
2 1 288 290 319 AND
2 1 287 319 320 XOR
2 1 235 290 321 AND
2 1 234 321 322 XOR
2 1 238 290 323 AND
2 1 237 323 324 XOR
2 1 241 290 325 AND
2 1 240 325 326 XOR
2 1 244 290 327 AND
2 1 243 327 328 XOR
2 1 195 290 329 AND
2 1 194 329 330 XOR
2 1 198 290 331 AND
2 1 197 331 332 XOR
2 1 151 290 333 AND
2 1 150 333 334 XOR
2 1 112 290 335 AND
2 1 80 335 336 XOR
1 1 96 337 EQW
2 1 97 64 338 XOR
2 1 98 174 339 XOR
2 1 99 220 340 XOR
2 1 100 218 341 XOR
2 1 101 264 342 XOR
2 1 102 262 343 XOR
2 1 103 260 344 XOR
2 1 104 258 345 XOR
2 1 105 304 346 XOR
2 1 106 302 347 XOR
2 1 107 300 348 XOR
2 1 108 298 349 XOR
2 1 109 296 350 XOR
2 1 110 294 351 XOR
2 1 111 292 352 XOR
2 1 112 290 353 XOR
2 1 113 336 354 XOR
2 1 114 334 355 XOR
2 1 115 332 356 XOR
2 1 116 330 357 XOR
2 1 117 328 358 XOR
2 1 118 326 359 XOR
2 1 119 324 360 XOR
2 1 120 322 361 XOR
2 1 121 320 362 XOR
2 1 122 318 363 XOR
2 1 123 316 364 XOR
2 1 124 314 365 XOR
2 1 125 312 366 XOR
2 1 126 310 367 XOR
2 1 127 308 368 XOR
