129 161
2 16 16
1 16

2 1 0 16 32 AND
2 1 1 17 33 AND
2 1 2 18 34 AND
2 1 3 19 35 AND
2 1 4 20 36 AND
2 1 5 21 37 AND
2 1 6 22 38 AND
2 1 7 23 39 AND
2 1 8 24 40 AND
2 1 9 25 41 AND
2 1 10 26 42 AND
2 1 11 27 43 AND
2 1 12 28 44 AND
2 1 13 29 45 AND
2 1 14 30 46 AND
2 1 15 31 47 AND
2 1 0 16 48 XOR
2 1 1 17 49 XOR
2 1 2 18 50 XOR
2 1 3 19 51 XOR
2 1 4 20 52 XOR
2 1 5 21 53 XOR
2 1 6 22 54 XOR
2 1 7 23 55 XOR
2 1 8 24 56 XOR
2 1 9 25 57 XOR
2 1 10 26 58 XOR
2 1 11 27 59 XOR
2 1 12 28 60 XOR
2 1 13 29 61 XOR
2 1 14 30 62 XOR
2 1 15 31 63 XOR
2 1 63 46 64 AND
2 1 47 64 65 XOR
2 1 63 62 66 AND
2 1 61 44 67 AND
2 1 45 67 68 XOR
2 1 61 60 69 AND
2 1 59 42 70 AND
2 1 43 70 71 XOR
2 1 59 58 72 AND
2 1 57 40 73 AND
2 1 41 73 74 XOR
2 1 57 56 75 AND
2 1 55 38 76 AND
2 1 39 76 77 XOR
2 1 55 54 78 AND
2 1 53 36 79 AND
2 1 37 79 80 XOR
2 1 53 52 81 AND
2 1 51 34 82 AND
2 1 35 82 83 XOR
2 1 51 50 84 AND
2 1 49 32 85 AND
2 1 33 85 86 XOR
2 1 66 68 87 AND
2 1 65 87 88 XOR
2 1 66 69 89 AND
2 1 62 68 90 AND
2 1 46 90 91 XOR
2 1 62 69 92 AND
2 1 72 74 93 AND
2 1 71 93 94 XOR
2 1 72 75 95 AND
2 1 58 74 96 AND
2 1 42 96 97 XOR
2 1 58 75 98 AND
2 1 78 80 99 AND
2 1 77 99 100 XOR
2 1 78 81 101 AND
2 1 54 80 102 AND
2 1 38 102 103 XOR
2 1 54 81 104 AND
2 1 84 86 105 AND
2 1 83 105 106 XOR
2 1 50 86 107 AND
2 1 34 107 108 XOR
2 1 89 94 109 AND
2 1 88 109 110 XOR
2 1 89 95 111 AND
2 1 92 94 112 AND
2 1 91 112 113 XOR
2 1 92 95 114 AND
2 1 69 94 115 AND
2 1 68 115 116 XOR
2 1 69 95 117 AND
2 1 60 94 118 AND
2 1 44 118 119 XOR
2 1 60 95 120 AND
2 1 101 106 121 AND
2 1 100 121 122 XOR
2 1 104 106 123 AND
2 1 103 123 124 XOR
2 1 81 106 125 AND
2 1 80 125 126 XOR
2 1 52 106 127 AND
2 1 36 127 128 XOR
2 1 111 122 129 AND
2 1 110 129 130 XOR
2 1 114 122 131 AND
2 1 113 131 132 XOR
2 1 117 122 133 AND
2 1 116 133 134 XOR
2 1 120 122 135 AND
2 1 119 135 136 XOR
2 1 95 122 137 AND
2 1 94 137 138 XOR
2 1 98 122 139 AND
2 1 97 139 140 XOR
2 1 75 122 141 AND
2 1 74 141 142 XOR
2 1 56 122 143 AND
2 1 40 143 144 XOR
1 1 48 145 EQW
2 1 49 32 146 XOR
2 1 50 86 147 XOR
2 1 51 108 148 XOR
2 1 52 106 149 XOR
2 1 53 128 150 XOR
2 1 54 126 151 XOR
2 1 55 124 152 XOR
2 1 56 122 153 XOR
2 1 57 144 154 XOR
2 1 58 142 155 XOR
2 1 59 140 156 XOR
2 1 60 138 157 XOR
2 1 61 136 158 XOR
2 1 62 134 159 XOR
2 1 63 132 160 XOR
