705 833
2 64 64
1 64

2 1 0 64 128 AND
2 1 1 65 129 AND
2 1 2 66 130 AND
2 1 3 67 131 AND
2 1 4 68 132 AND
2 1 5 69 133 AND
2 1 6 70 134 AND
2 1 7 71 135 AND
2 1 8 72 136 AND
2 1 9 73 137 AND
2 1 10 74 138 AND
2 1 11 75 139 AND
2 1 12 76 140 AND
2 1 13 77 141 AND
2 1 14 78 142 AND
2 1 15 79 143 AND
2 1 16 80 144 AND
2 1 17 81 145 AND
2 1 18 82 146 AND
2 1 19 83 147 AND
2 1 20 84 148 AND
2 1 21 85 149 AND
2 1 22 86 150 AND
2 1 23 87 151 AND
2 1 24 88 152 AND
2 1 25 89 153 AND
2 1 26 90 154 AND
2 1 27 91 155 AND
2 1 28 92 156 AND
2 1 29 93 157 AND
2 1 30 94 158 AND
2 1 31 95 159 AND
2 1 32 96 160 AND
2 1 33 97 161 AND
2 1 34 98 162 AND
2 1 35 99 163 AND
2 1 36 100 164 AND
2 1 37 101 165 AND
2 1 38 102 166 AND
2 1 39 103 167 AND
2 1 40 104 168 AND
2 1 41 105 169 AND
2 1 42 106 170 AND
2 1 43 107 171 AND
2 1 44 108 172 AND
2 1 45 109 173 AND
2 1 46 110 174 AND
2 1 47 111 175 AND
2 1 48 112 176 AND
2 1 49 113 177 AND
2 1 50 114 178 AND
2 1 51 115 179 AND
2 1 52 116 180 AND
2 1 53 117 181 AND
2 1 54 118 182 AND
2 1 55 119 183 AND
2 1 56 120 184 AND
2 1 57 121 185 AND
2 1 58 122 186 AND
2 1 59 123 187 AND
2 1 60 124 188 AND
2 1 61 125 189 AND
2 1 62 126 190 AND
2 1 63 127 191 AND
2 1 0 64 192 XOR
2 1 1 65 193 XOR
2 1 2 66 194 XOR
2 1 3 67 195 XOR
2 1 4 68 196 XOR
2 1 5 69 197 XOR
2 1 6 70 198 XOR
2 1 7 71 199 XOR
2 1 8 72 200 XOR
2 1 9 73 201 XOR
2 1 10 74 202 XOR
2 1 11 75 203 XOR
2 1 12 76 204 XOR
2 1 13 77 205 XOR
2 1 14 78 206 XOR
2 1 15 79 207 XOR
2 1 16 80 208 XOR
2 1 17 81 209 XOR
2 1 18 82 210 XOR
2 1 19 83 211 XOR
2 1 20 84 212 XOR
2 1 21 85 213 XOR
2 1 22 86 214 XOR
2 1 23 87 215 XOR
2 1 24 88 216 XOR
2 1 25 89 217 XOR
2 1 26 90 218 XOR
2 1 27 91 219 XOR
2 1 28 92 220 XOR
2 1 29 93 221 XOR
2 1 30 94 222 XOR
2 1 31 95 223 XOR
2 1 32 96 224 XOR
2 1 33 97 225 XOR
2 1 34 98 226 XOR
2 1 35 99 227 XOR
2 1 36 100 228 XOR
2 1 37 101 229 XOR
2 1 38 102 230 XOR
2 1 39 103 231 XOR
2 1 40 104 232 XOR
2 1 41 105 233 XOR
2 1 42 106 234 XOR
2 1 43 107 235 XOR
2 1 44 108 236 XOR
2 1 45 109 237 XOR
2 1 46 110 238 XOR
2 1 47 111 239 XOR
2 1 48 112 240 XOR
2 1 49 113 241 XOR
2 1 50 114 242 XOR
2 1 51 115 243 XOR
2 1 52 116 244 XOR
2 1 53 117 245 XOR
2 1 54 118 246 XOR
2 1 55 119 247 XOR
2 1 56 120 248 XOR
2 1 57 121 249 XOR
2 1 58 122 250 XOR
2 1 59 123 251 XOR
2 1 60 124 252 XOR
2 1 61 125 253 XOR
2 1 62 126 254 XOR
2 1 63 127 255 XOR
2 1 255 190 256 AND
2 1 191 256 257 XOR
2 1 255 254 258 AND
2 1 253 188 259 AND
2 1 189 259 260 XOR
2 1 253 252 261 AND
2 1 251 186 262 AND
2 1 187 262 263 XOR
2 1 251 250 264 AND
2 1 249 184 265 AND
2 1 185 265 266 XOR
2 1 249 248 267 AND
2 1 247 182 268 AND
2 1 183 268 269 XOR
2 1 247 246 270 AND
2 1 245 180 271 AND
2 1 181 271 272 XOR
2 1 245 244 273 AND
2 1 243 178 274 AND
2 1 179 274 275 XOR
2 1 243 242 276 AND
2 1 241 176 277 AND
2 1 177 277 278 XOR
2 1 241 240 279 AND
2 1 239 174 280 AND
2 1 175 280 281 XOR
2 1 239 238 282 AND
2 1 237 172 283 AND
2 1 173 283 284 XOR
2 1 237 236 285 AND
2 1 235 170 286 AND
2 1 171 286 287 XOR
2 1 235 234 288 AND
2 1 233 168 289 AND
2 1 169 289 290 XOR
2 1 233 232 291 AND
2 1 231 166 292 AND
2 1 167 292 293 XOR
2 1 231 230 294 AND
2 1 229 164 295 AND
2 1 165 295 296 XOR
2 1 229 228 297 AND
2 1 227 162 298 AND
2 1 163 298 299 XOR
2 1 227 226 300 AND
2 1 225 160 301 AND
2 1 161 301 302 XOR
2 1 225 224 303 AND
2 1 223 158 304 AND
2 1 159 304 305 XOR
2 1 223 222 306 AND
2 1 221 156 307 AND
2 1 157 307 308 XOR
2 1 221 220 309 AND
2 1 219 154 310 AND
2 1 155 310 311 XOR
2 1 219 218 312 AND
2 1 217 152 313 AND
2 1 153 313 314 XOR
2 1 217 216 315 AND
2 1 215 150 316 AND
2 1 151 316 317 XOR
2 1 215 214 318 AND
2 1 213 148 319 AND
2 1 149 319 320 XOR
2 1 213 212 321 AND
2 1 211 146 322 AND
2 1 147 322 323 XOR
2 1 211 210 324 AND
2 1 209 144 325 AND
2 1 145 325 326 XOR
2 1 209 208 327 AND
2 1 207 142 328 AND
2 1 143 328 329 XOR
2 1 207 206 330 AND
2 1 205 140 331 AND
2 1 141 331 332 XOR
2 1 205 204 333 AND
2 1 203 138 334 AND
2 1 139 334 335 XOR
2 1 203 202 336 AND
2 1 201 136 337 AND
2 1 137 337 338 XOR
2 1 201 200 339 AND
2 1 199 134 340 AND
2 1 135 340 341 XOR
2 1 199 198 342 AND
2 1 197 132 343 AND
2 1 133 343 344 XOR
2 1 197 196 345 AND
2 1 195 130 346 AND
2 1 131 346 347 XOR
2 1 195 194 348 AND
2 1 193 128 349 AND
2 1 129 349 350 XOR
2 1 258 260 351 AND
2 1 257 351 352 XOR
2 1 258 261 353 AND
2 1 254 260 354 AND
2 1 190 354 355 XOR
2 1 254 261 356 AND
2 1 264 266 357 AND
2 1 263 357 358 XOR
2 1 264 267 359 AND
2 1 250 266 360 AND
2 1 186 360 361 XOR
2 1 250 267 362 AND
2 1 270 272 363 AND
2 1 269 363 364 XOR
2 1 270 273 365 AND
2 1 246 272 366 AND
2 1 182 366 367 XOR
2 1 246 273 368 AND
2 1 276 278 369 AND
2 1 275 369 370 XOR
2 1 276 279 371 AND
2 1 242 278 372 AND
2 1 178 372 373 XOR
2 1 242 279 374 AND
2 1 282 284 375 AND
2 1 281 375 376 XOR
2 1 282 285 377 AND
2 1 238 284 378 AND
2 1 174 378 379 XOR
2 1 238 285 380 AND
2 1 288 290 381 AND
2 1 287 381 382 XOR
2 1 288 291 383 AND
2 1 234 290 384 AND
2 1 170 384 385 XOR
2 1 234 291 386 AND
2 1 294 296 387 AND
2 1 293 387 388 XOR
2 1 294 297 389 AND
2 1 230 296 390 AND
2 1 166 390 391 XOR
2 1 230 297 392 AND
2 1 300 302 393 AND
2 1 299 393 394 XOR
2 1 300 303 395 AND
2 1 226 302 396 AND
2 1 162 396 397 XOR
2 1 226 303 398 AND
2 1 306 308 399 AND
2 1 305 399 400 XOR
2 1 306 309 401 AND
2 1 222 308 402 AND
2 1 158 402 403 XOR
2 1 222 309 404 AND
2 1 312 314 405 AND
2 1 311 405 406 XOR
2 1 312 315 407 AND
2 1 218 314 408 AND
2 1 154 408 409 XOR
2 1 218 315 410 AND
2 1 318 320 411 AND
2 1 317 411 412 XOR
2 1 318 321 413 AND
2 1 214 320 414 AND
2 1 150 414 415 XOR
2 1 214 321 416 AND
2 1 324 326 417 AND
2 1 323 417 418 XOR
2 1 324 327 419 AND
2 1 210 326 420 AND
2 1 146 420 421 XOR
2 1 210 327 422 AND
2 1 330 332 423 AND
2 1 329 423 424 XOR
2 1 330 333 425 AND
2 1 206 332 426 AND
2 1 142 426 427 XOR
2 1 206 333 428 AND
2 1 336 338 429 AND
2 1 335 429 430 XOR
2 1 336 339 431 AND
2 1 202 338 432 AND
2 1 138 432 433 XOR
2 1 202 339 434 AND
2 1 342 344 435 AND
2 1 341 435 436 XOR
2 1 342 345 437 AND
2 1 198 344 438 AND
2 1 134 438 439 XOR
2 1 198 345 440 AND
2 1 348 350 441 AND
2 1 347 441 442 XOR
2 1 194 350 443 AND
2 1 130 443 444 XOR
2 1 353 358 445 AND
2 1 352 445 446 XOR
2 1 353 359 447 AND
2 1 356 358 448 AND
2 1 355 448 449 XOR
2 1 356 359 450 AND
2 1 261 358 451 AND
2 1 260 451 452 XOR
2 1 261 359 453 AND
2 1 252 358 454 AND
2 1 188 454 455 XOR
2 1 252 359 456 AND
2 1 365 370 457 AND
2 1 364 457 458 XOR
2 1 365 371 459 AND
2 1 368 370 460 AND
2 1 367 460 461 XOR
2 1 368 371 462 AND
2 1 273 370 463 AND
2 1 272 463 464 XOR
2 1 273 371 465 AND
2 1 244 370 466 AND
2 1 180 466 467 XOR
2 1 244 371 468 AND
2 1 377 382 469 AND
2 1 376 469 470 XOR
2 1 377 383 471 AND
2 1 380 382 472 AND
2 1 379 472 473 XOR
2 1 380 383 474 AND
2 1 285 382 475 AND
2 1 284 475 476 XOR
2 1 285 383 477 AND
2 1 236 382 478 AND
2 1 172 478 479 XOR
2 1 236 383 480 AND
2 1 389 394 481 AND
2 1 388 481 482 XOR
2 1 389 395 483 AND
2 1 392 394 484 AND
2 1 391 484 485 XOR
2 1 392 395 486 AND
2 1 297 394 487 AND
2 1 296 487 488 XOR
2 1 297 395 489 AND
2 1 228 394 490 AND
2 1 164 490 491 XOR
2 1 228 395 492 AND
2 1 401 406 493 AND
2 1 400 493 494 XOR
2 1 401 407 495 AND
2 1 404 406 496 AND
2 1 403 496 497 XOR
2 1 404 407 498 AND
2 1 309 406 499 AND
2 1 308 499 500 XOR
2 1 309 407 501 AND
2 1 220 406 502 AND
2 1 156 502 503 XOR
2 1 220 407 504 AND
2 1 413 418 505 AND
2 1 412 505 506 XOR
2 1 413 419 507 AND
2 1 416 418 508 AND
2 1 415 508 509 XOR
2 1 416 419 510 AND
2 1 321 418 511 AND
2 1 320 511 512 XOR
2 1 321 419 513 AND
2 1 212 418 514 AND
2 1 148 514 515 XOR
2 1 212 419 516 AND
2 1 425 430 517 AND
2 1 424 517 518 XOR
2 1 425 431 519 AND
2 1 428 430 520 AND
2 1 427 520 521 XOR
2 1 428 431 522 AND
2 1 333 430 523 AND
2 1 332 523 524 XOR
2 1 333 431 525 AND
2 1 204 430 526 AND
2 1 140 526 527 XOR
2 1 204 431 528 AND
2 1 437 442 529 AND
2 1 436 529 530 XOR
2 1 440 442 531 AND
2 1 439 531 532 XOR
2 1 345 442 533 AND
2 1 344 533 534 XOR
2 1 196 442 535 AND
2 1 132 535 536 XOR
2 1 447 458 537 AND
2 1 446 537 538 XOR
2 1 447 459 539 AND
2 1 450 458 540 AND
2 1 449 540 541 XOR
2 1 450 459 542 AND
2 1 453 458 543 AND
2 1 452 543 544 XOR
2 1 453 459 545 AND
2 1 456 458 546 AND
2 1 455 546 547 XOR
2 1 456 459 548 AND
2 1 359 458 549 AND
2 1 358 549 550 XOR
2 1 359 459 551 AND
2 1 362 458 552 AND
2 1 361 552 553 XOR
2 1 362 459 554 AND
2 1 267 458 555 AND
2 1 266 555 556 XOR
2 1 267 459 557 AND
2 1 248 458 558 AND
2 1 184 558 559 XOR
2 1 248 459 560 AND
2 1 471 482 561 AND
2 1 470 561 562 XOR
2 1 471 483 563 AND
2 1 474 482 564 AND
2 1 473 564 565 XOR
2 1 474 483 566 AND
2 1 477 482 567 AND
2 1 476 567 568 XOR
2 1 477 483 569 AND
2 1 480 482 570 AND
2 1 479 570 571 XOR
2 1 480 483 572 AND
2 1 383 482 573 AND
2 1 382 573 574 XOR
2 1 383 483 575 AND
2 1 386 482 576 AND
2 1 385 576 577 XOR
2 1 386 483 578 AND
2 1 291 482 579 AND
2 1 290 579 580 XOR
2 1 291 483 581 AND
2 1 232 482 582 AND
2 1 168 582 583 XOR
2 1 232 483 584 AND
2 1 495 506 585 AND
2 1 494 585 586 XOR
2 1 495 507 587 AND
2 1 498 506 588 AND
2 1 497 588 589 XOR
2 1 498 507 590 AND
2 1 501 506 591 AND
2 1 500 591 592 XOR
2 1 501 507 593 AND
2 1 504 506 594 AND
2 1 503 594 595 XOR
2 1 504 507 596 AND
2 1 407 506 597 AND
2 1 406 597 598 XOR
2 1 407 507 599 AND
2 1 410 506 600 AND
2 1 409 600 601 XOR
2 1 410 507 602 AND
2 1 315 506 603 AND
2 1 314 603 604 XOR
2 1 315 507 605 AND
2 1 216 506 606 AND
2 1 152 606 607 XOR
2 1 216 507 608 AND
2 1 519 530 609 AND
2 1 518 609 610 XOR
2 1 522 530 611 AND
2 1 521 611 612 XOR
2 1 525 530 613 AND
2 1 524 613 614 XOR
2 1 528 530 615 AND
2 1 527 615 616 XOR
2 1 431 530 617 AND
2 1 430 617 618 XOR
2 1 434 530 619 AND
2 1 433 619 620 XOR
2 1 339 530 621 AND
2 1 338 621 622 XOR
2 1 200 530 623 AND
2 1 136 623 624 XOR
2 1 539 562 625 AND
2 1 538 625 626 XOR
2 1 539 563 627 AND
2 1 542 562 628 AND
2 1 541 628 629 XOR
2 1 542 563 630 AND
2 1 545 562 631 AND
2 1 544 631 632 XOR
2 1 545 563 633 AND
2 1 548 562 634 AND
2 1 547 634 635 XOR
2 1 548 563 636 AND
2 1 551 562 637 AND
2 1 550 637 638 XOR
2 1 551 563 639 AND
2 1 554 562 640 AND
2 1 553 640 641 XOR
2 1 554 563 642 AND
2 1 557 562 643 AND
2 1 556 643 644 XOR
2 1 557 563 645 AND
2 1 560 562 646 AND
2 1 559 646 647 XOR
2 1 560 563 648 AND
2 1 459 562 649 AND
2 1 458 649 650 XOR
2 1 459 563 651 AND
2 1 462 562 652 AND
2 1 461 652 653 XOR
2 1 462 563 654 AND
2 1 465 562 655 AND
2 1 464 655 656 XOR
2 1 465 563 657 AND
2 1 468 562 658 AND
2 1 467 658 659 XOR
2 1 468 563 660 AND
2 1 371 562 661 AND
2 1 370 661 662 XOR
2 1 371 563 663 AND
2 1 374 562 664 AND
2 1 373 664 665 XOR
2 1 374 563 666 AND
2 1 279 562 667 AND
2 1 278 667 668 XOR
2 1 279 563 669 AND
2 1 240 562 670 AND
2 1 176 670 671 XOR
2 1 240 563 672 AND
2 1 587 610 673 AND
2 1 586 673 674 XOR
2 1 590 610 675 AND
2 1 589 675 676 XOR
2 1 593 610 677 AND
2 1 592 677 678 XOR
2 1 596 610 679 AND
2 1 595 679 680 XOR
2 1 599 610 681 AND
2 1 598 681 682 XOR
2 1 602 610 683 AND
2 1 601 683 684 XOR
2 1 605 610 685 AND
2 1 604 685 686 XOR
2 1 608 610 687 AND
2 1 607 687 688 XOR
2 1 507 610 689 AND
2 1 506 689 690 XOR
2 1 510 610 691 AND
2 1 509 691 692 XOR
2 1 513 610 693 AND
2 1 512 693 694 XOR
2 1 516 610 695 AND
2 1 515 695 696 XOR
2 1 419 610 697 AND
2 1 418 697 698 XOR
2 1 422 610 699 AND
2 1 421 699 700 XOR
2 1 327 610 701 AND
2 1 326 701 702 XOR
2 1 208 610 703 AND
2 1 144 703 704 XOR
2 1 627 674 705 AND
2 1 626 705 706 XOR
2 1 630 674 707 AND
2 1 629 707 708 XOR
2 1 633 674 709 AND
2 1 632 709 710 XOR
2 1 636 674 711 AND
2 1 635 711 712 XOR
2 1 639 674 713 AND
2 1 638 713 714 XOR
2 1 642 674 715 AND
2 1 641 715 716 XOR
2 1 645 674 717 AND
2 1 644 717 718 XOR
2 1 648 674 719 AND
2 1 647 719 720 XOR
2 1 651 674 721 AND
2 1 650 721 722 XOR
2 1 654 674 723 AND
2 1 653 723 724 XOR
2 1 657 674 725 AND
2 1 656 725 726 XOR
2 1 660 674 727 AND
2 1 659 727 728 XOR
2 1 663 674 729 AND
2 1 662 729 730 XOR
2 1 666 674 731 AND
2 1 665 731 732 XOR
2 1 669 674 733 AND
2 1 668 733 734 XOR
2 1 672 674 735 AND
2 1 671 735 736 XOR
2 1 563 674 737 AND
2 1 562 737 738 XOR
2 1 566 674 739 AND
2 1 565 739 740 XOR
2 1 569 674 741 AND
2 1 568 741 742 XOR
2 1 572 674 743 AND
2 1 571 743 744 XOR
2 1 575 674 745 AND
2 1 574 745 746 XOR
2 1 578 674 747 AND
2 1 577 747 748 XOR
2 1 581 674 749 AND
2 1 580 749 750 XOR
2 1 584 674 751 AND
2 1 583 751 752 XOR
2 1 483 674 753 AND
2 1 482 753 754 XOR
2 1 486 674 755 AND
2 1 485 755 756 XOR
2 1 489 674 757 AND
2 1 488 757 758 XOR
2 1 492 674 759 AND
2 1 491 759 760 XOR
2 1 395 674 761 AND
2 1 394 761 762 XOR
2 1 398 674 763 AND
2 1 397 763 764 XOR
2 1 303 674 765 AND
2 1 302 765 766 XOR
2 1 224 674 767 AND
2 1 160 767 768 XOR
1 1 192 769 EQW
2 1 193 128 770 XOR
2 1 194 350 771 XOR
2 1 195 444 772 XOR
2 1 196 442 773 XOR
2 1 197 536 774 XOR
2 1 198 534 775 XOR
2 1 199 532 776 XOR
2 1 200 530 777 XOR
2 1 201 624 778 XOR
2 1 202 622 779 XOR
2 1 203 620 780 XOR
2 1 204 618 781 XOR
2 1 205 616 782 XOR
2 1 206 614 783 XOR
2 1 207 612 784 XOR
2 1 208 610 785 XOR
2 1 209 704 786 XOR
2 1 210 702 787 XOR
2 1 211 700 788 XOR
2 1 212 698 789 XOR
2 1 213 696 790 XOR
2 1 214 694 791 XOR
2 1 215 692 792 XOR
2 1 216 690 793 XOR
2 1 217 688 794 XOR
2 1 218 686 795 XOR
2 1 219 684 796 XOR
2 1 220 682 797 XOR
2 1 221 680 798 XOR
2 1 222 678 799 XOR
2 1 223 676 800 XOR
2 1 224 674 801 XOR
2 1 225 768 802 XOR
2 1 226 766 803 XOR
2 1 227 764 804 XOR
2 1 228 762 805 XOR
2 1 229 760 806 XOR
2 1 230 758 807 XOR
2 1 231 756 808 XOR
2 1 232 754 809 XOR
2 1 233 752 810 XOR
2 1 234 750 811 XOR
2 1 235 748 812 XOR
2 1 236 746 813 XOR
2 1 237 744 814 XOR
2 1 238 742 815 XOR
2 1 239 740 816 XOR
2 1 240 738 817 XOR
2 1 241 736 818 XOR
2 1 242 734 819 XOR
2 1 243 732 820 XOR
2 1 244 730 821 XOR
2 1 245 728 822 XOR
2 1 246 726 823 XOR
2 1 247 724 824 XOR
2 1 248 722 825 XOR
2 1 249 720 826 XOR
2 1 250 718 827 XOR
2 1 251 716 828 XOR
2 1 252 714 829 XOR
2 1 253 712 830 XOR
2 1 254 710 831 XOR
2 1 255 708 832 XOR
