1601 1857
4 64 64 64 64
1 128

2 1 0 128 256 AND
2 1 1 129 257 AND
2 1 2 130 258 AND
2 1 3 131 259 AND
2 1 4 132 260 AND
2 1 5 133 261 AND
2 1 6 134 262 AND
2 1 7 135 263 AND
2 1 8 136 264 AND
2 1 9 137 265 AND
2 1 10 138 266 AND
2 1 11 139 267 AND
2 1 12 140 268 AND
2 1 13 141 269 AND
2 1 14 142 270 AND
2 1 15 143 271 AND
2 1 16 144 272 AND
2 1 17 145 273 AND
2 1 18 146 274 AND
2 1 19 147 275 AND
2 1 20 148 276 AND
2 1 21 149 277 AND
2 1 22 150 278 AND
2 1 23 151 279 AND
2 1 24 152 280 AND
2 1 25 153 281 AND
2 1 26 154 282 AND
2 1 27 155 283 AND
2 1 28 156 284 AND
2 1 29 157 285 AND
2 1 30 158 286 AND
2 1 31 159 287 AND
2 1 32 160 288 AND
2 1 33 161 289 AND
2 1 34 162 290 AND
2 1 35 163 291 AND
2 1 36 164 292 AND
2 1 37 165 293 AND
2 1 38 166 294 AND
2 1 39 167 295 AND
2 1 40 168 296 AND
2 1 41 169 297 AND
2 1 42 170 298 AND
2 1 43 171 299 AND
2 1 44 172 300 AND
2 1 45 173 301 AND
2 1 46 174 302 AND
2 1 47 175 303 AND
2 1 48 176 304 AND
2 1 49 177 305 AND
2 1 50 178 306 AND
2 1 51 179 307 AND
2 1 52 180 308 AND
2 1 53 181 309 AND
2 1 54 182 310 AND
2 1 55 183 311 AND
2 1 56 184 312 AND
2 1 57 185 313 AND
2 1 58 186 314 AND
2 1 59 187 315 AND
2 1 60 188 316 AND
2 1 61 189 317 AND
2 1 62 190 318 AND
2 1 63 191 319 AND
2 1 64 192 320 AND
2 1 65 193 321 AND
2 1 66 194 322 AND
2 1 67 195 323 AND
2 1 68 196 324 AND
2 1 69 197 325 AND
2 1 70 198 326 AND
2 1 71 199 327 AND
2 1 72 200 328 AND
2 1 73 201 329 AND
2 1 74 202 330 AND
2 1 75 203 331 AND
2 1 76 204 332 AND
2 1 77 205 333 AND
2 1 78 206 334 AND
2 1 79 207 335 AND
2 1 80 208 336 AND
2 1 81 209 337 AND
2 1 82 210 338 AND
2 1 83 211 339 AND
2 1 84 212 340 AND
2 1 85 213 341 AND
2 1 86 214 342 AND
2 1 87 215 343 AND
2 1 88 216 344 AND
2 1 89 217 345 AND
2 1 90 218 346 AND
2 1 91 219 347 AND
2 1 92 220 348 AND
2 1 93 221 349 AND
2 1 94 222 350 AND
2 1 95 223 351 AND
2 1 96 224 352 AND
2 1 97 225 353 AND
2 1 98 226 354 AND
2 1 99 227 355 AND
2 1 100 228 356 AND
2 1 101 229 357 AND
2 1 102 230 358 AND
2 1 103 231 359 AND
2 1 104 232 360 AND
2 1 105 233 361 AND
2 1 106 234 362 AND
2 1 107 235 363 AND
2 1 108 236 364 AND
2 1 109 237 365 AND
2 1 110 238 366 AND
2 1 111 239 367 AND
2 1 112 240 368 AND
2 1 113 241 369 AND
2 1 114 242 370 AND
2 1 115 243 371 AND
2 1 116 244 372 AND
2 1 117 245 373 AND
2 1 118 246 374 AND
2 1 119 247 375 AND
2 1 120 248 376 AND
2 1 121 249 377 AND
2 1 122 250 378 AND
2 1 123 251 379 AND
2 1 124 252 380 AND
2 1 125 253 381 AND
2 1 126 254 382 AND
2 1 127 255 383 AND
2 1 0 128 384 XOR
2 1 1 129 385 XOR
2 1 2 130 386 XOR
2 1 3 131 387 XOR
2 1 4 132 388 XOR
2 1 5 133 389 XOR
2 1 6 134 390 XOR
2 1 7 135 391 XOR
2 1 8 136 392 XOR
2 1 9 137 393 XOR
2 1 10 138 394 XOR
2 1 11 139 395 XOR
2 1 12 140 396 XOR
2 1 13 141 397 XOR
2 1 14 142 398 XOR
2 1 15 143 399 XOR
2 1 16 144 400 XOR
2 1 17 145 401 XOR
2 1 18 146 402 XOR
2 1 19 147 403 XOR
2 1 20 148 404 XOR
2 1 21 149 405 XOR
2 1 22 150 406 XOR
2 1 23 151 407 XOR
2 1 24 152 408 XOR
2 1 25 153 409 XOR
2 1 26 154 410 XOR
2 1 27 155 411 XOR
2 1 28 156 412 XOR
2 1 29 157 413 XOR
2 1 30 158 414 XOR
2 1 31 159 415 XOR
2 1 32 160 416 XOR
2 1 33 161 417 XOR
2 1 34 162 418 XOR
2 1 35 163 419 XOR
2 1 36 164 420 XOR
2 1 37 165 421 XOR
2 1 38 166 422 XOR
2 1 39 167 423 XOR
2 1 40 168 424 XOR
2 1 41 169 425 XOR
2 1 42 170 426 XOR
2 1 43 171 427 XOR
2 1 44 172 428 XOR
2 1 45 173 429 XOR
2 1 46 174 430 XOR
2 1 47 175 431 XOR
2 1 48 176 432 XOR
2 1 49 177 433 XOR
2 1 50 178 434 XOR
2 1 51 179 435 XOR
2 1 52 180 436 XOR
2 1 53 181 437 XOR
2 1 54 182 438 XOR
2 1 55 183 439 XOR
2 1 56 184 440 XOR
2 1 57 185 441 XOR
2 1 58 186 442 XOR
2 1 59 187 443 XOR
2 1 60 188 444 XOR
2 1 61 189 445 XOR
2 1 62 190 446 XOR
2 1 63 191 447 XOR
2 1 64 192 448 XOR
2 1 65 193 449 XOR
2 1 66 194 450 XOR
2 1 67 195 451 XOR
2 1 68 196 452 XOR
2 1 69 197 453 XOR
2 1 70 198 454 XOR
2 1 71 199 455 XOR
2 1 72 200 456 XOR
2 1 73 201 457 XOR
2 1 74 202 458 XOR
2 1 75 203 459 XOR
2 1 76 204 460 XOR
2 1 77 205 461 XOR
2 1 78 206 462 XOR
2 1 79 207 463 XOR
2 1 80 208 464 XOR
2 1 81 209 465 XOR
2 1 82 210 466 XOR
2 1 83 211 467 XOR
2 1 84 212 468 XOR
2 1 85 213 469 XOR
2 1 86 214 470 XOR
2 1 87 215 471 XOR
2 1 88 216 472 XOR
2 1 89 217 473 XOR
2 1 90 218 474 XOR
2 1 91 219 475 XOR
2 1 92 220 476 XOR
2 1 93 221 477 XOR
2 1 94 222 478 XOR
2 1 95 223 479 XOR
2 1 96 224 480 XOR
2 1 97 225 481 XOR
2 1 98 226 482 XOR
2 1 99 227 483 XOR
2 1 100 228 484 XOR
2 1 101 229 485 XOR
2 1 102 230 486 XOR
2 1 103 231 487 XOR
2 1 104 232 488 XOR
2 1 105 233 489 XOR
2 1 106 234 490 XOR
2 1 107 235 491 XOR
2 1 108 236 492 XOR
2 1 109 237 493 XOR
2 1 110 238 494 XOR
2 1 111 239 495 XOR
2 1 112 240 496 XOR
2 1 113 241 497 XOR
2 1 114 242 498 XOR
2 1 115 243 499 XOR
2 1 116 244 500 XOR
2 1 117 245 501 XOR
2 1 118 246 502 XOR
2 1 119 247 503 XOR
2 1 120 248 504 XOR
2 1 121 249 505 XOR
2 1 122 250 506 XOR
2 1 123 251 507 XOR
2 1 124 252 508 XOR
2 1 125 253 509 XOR
2 1 126 254 510 XOR
2 1 127 255 511 XOR
2 1 511 382 512 AND
2 1 383 512 513 XOR
2 1 511 510 514 AND
2 1 509 380 515 AND
2 1 381 515 516 XOR
2 1 509 508 517 AND
2 1 507 378 518 AND
2 1 379 518 519 XOR
2 1 507 506 520 AND
2 1 505 376 521 AND
2 1 377 521 522 XOR
2 1 505 504 523 AND
2 1 503 374 524 AND
2 1 375 524 525 XOR
2 1 503 502 526 AND
2 1 501 372 527 AND
2 1 373 527 528 XOR
2 1 501 500 529 AND
2 1 499 370 530 AND
2 1 371 530 531 XOR
2 1 499 498 532 AND
2 1 497 368 533 AND
2 1 369 533 534 XOR
2 1 497 496 535 AND
2 1 495 366 536 AND
2 1 367 536 537 XOR
2 1 495 494 538 AND
2 1 493 364 539 AND
2 1 365 539 540 XOR
2 1 493 492 541 AND
2 1 491 362 542 AND
2 1 363 542 543 XOR
2 1 491 490 544 AND
2 1 489 360 545 AND
2 1 361 545 546 XOR
2 1 489 488 547 AND
2 1 487 358 548 AND
2 1 359 548 549 XOR
2 1 487 486 550 AND
2 1 485 356 551 AND
2 1 357 551 552 XOR
2 1 485 484 553 AND
2 1 483 354 554 AND
2 1 355 554 555 XOR
2 1 483 482 556 AND
2 1 481 352 557 AND
2 1 353 557 558 XOR
2 1 481 480 559 AND
2 1 479 350 560 AND
2 1 351 560 561 XOR
2 1 479 478 562 AND
2 1 477 348 563 AND
2 1 349 563 564 XOR
2 1 477 476 565 AND
2 1 475 346 566 AND
2 1 347 566 567 XOR
2 1 475 474 568 AND
2 1 473 344 569 AND
2 1 345 569 570 XOR
2 1 473 472 571 AND
2 1 471 342 572 AND
2 1 343 572 573 XOR
2 1 471 470 574 AND
2 1 469 340 575 AND
2 1 341 575 576 XOR
2 1 469 468 577 AND
2 1 467 338 578 AND
2 1 339 578 579 XOR
2 1 467 466 580 AND
2 1 465 336 581 AND
2 1 337 581 582 XOR
2 1 465 464 583 AND
2 1 463 334 584 AND
2 1 335 584 585 XOR
2 1 463 462 586 AND
2 1 461 332 587 AND
2 1 333 587 588 XOR
2 1 461 460 589 AND
2 1 459 330 590 AND
2 1 331 590 591 XOR
2 1 459 458 592 AND
2 1 457 328 593 AND
2 1 329 593 594 XOR
2 1 457 456 595 AND
2 1 455 326 596 AND
2 1 327 596 597 XOR
2 1 455 454 598 AND
2 1 453 324 599 AND
2 1 325 599 600 XOR
2 1 453 452 601 AND
2 1 451 322 602 AND
2 1 323 602 603 XOR
2 1 451 450 604 AND
2 1 449 320 605 AND
2 1 321 605 606 XOR
2 1 449 448 607 AND
2 1 447 318 608 AND
2 1 319 608 609 XOR
2 1 447 446 610 AND
2 1 445 316 611 AND
2 1 317 611 612 XOR
2 1 445 444 613 AND
2 1 443 314 614 AND
2 1 315 614 615 XOR
2 1 443 442 616 AND
2 1 441 312 617 AND
2 1 313 617 618 XOR
2 1 441 440 619 AND
2 1 439 310 620 AND
2 1 311 620 621 XOR
2 1 439 438 622 AND
2 1 437 308 623 AND
2 1 309 623 624 XOR
2 1 437 436 625 AND
2 1 435 306 626 AND
2 1 307 626 627 XOR
2 1 435 434 628 AND
2 1 433 304 629 AND
2 1 305 629 630 XOR
2 1 433 432 631 AND
2 1 431 302 632 AND
2 1 303 632 633 XOR
2 1 431 430 634 AND
2 1 429 300 635 AND
2 1 301 635 636 XOR
2 1 429 428 637 AND
2 1 427 298 638 AND
2 1 299 638 639 XOR
2 1 427 426 640 AND
2 1 425 296 641 AND
2 1 297 641 642 XOR
2 1 425 424 643 AND
2 1 423 294 644 AND
2 1 295 644 645 XOR
2 1 423 422 646 AND
2 1 421 292 647 AND
2 1 293 647 648 XOR
2 1 421 420 649 AND
2 1 419 290 650 AND
2 1 291 650 651 XOR
2 1 419 418 652 AND
2 1 417 288 653 AND
2 1 289 653 654 XOR
2 1 417 416 655 AND
2 1 415 286 656 AND
2 1 287 656 657 XOR
2 1 415 414 658 AND
2 1 413 284 659 AND
2 1 285 659 660 XOR
2 1 413 412 661 AND
2 1 411 282 662 AND
2 1 283 662 663 XOR
2 1 411 410 664 AND
2 1 409 280 665 AND
2 1 281 665 666 XOR
2 1 409 408 667 AND
2 1 407 278 668 AND
2 1 279 668 669 XOR
2 1 407 406 670 AND
2 1 405 276 671 AND
2 1 277 671 672 XOR
2 1 405 404 673 AND
2 1 403 274 674 AND
2 1 275 674 675 XOR
2 1 403 402 676 AND
2 1 401 272 677 AND
2 1 273 677 678 XOR
2 1 401 400 679 AND
2 1 399 270 680 AND
2 1 271 680 681 XOR
2 1 399 398 682 AND
2 1 397 268 683 AND
2 1 269 683 684 XOR
2 1 397 396 685 AND
2 1 395 266 686 AND
2 1 267 686 687 XOR
2 1 395 394 688 AND
2 1 393 264 689 AND
2 1 265 689 690 XOR
2 1 393 392 691 AND
2 1 391 262 692 AND
2 1 263 692 693 XOR
2 1 391 390 694 AND
2 1 389 260 695 AND
2 1 261 695 696 XOR
2 1 389 388 697 AND
2 1 387 258 698 AND
2 1 259 698 699 XOR
2 1 387 386 700 AND
2 1 385 256 701 AND
2 1 257 701 702 XOR
2 1 514 516 703 AND
2 1 513 703 704 XOR
2 1 514 517 705 AND
2 1 510 516 706 AND
2 1 382 706 707 XOR
2 1 510 517 708 AND
2 1 520 522 709 AND
2 1 519 709 710 XOR
2 1 520 523 711 AND
2 1 506 522 712 AND
2 1 378 712 713 XOR
2 1 506 523 714 AND
2 1 526 528 715 AND
2 1 525 715 716 XOR
2 1 526 529 717 AND
2 1 502 528 718 AND
2 1 374 718 719 XOR
2 1 502 529 720 AND
2 1 532 534 721 AND
2 1 531 721 722 XOR
2 1 532 535 723 AND
2 1 498 534 724 AND
2 1 370 724 725 XOR
2 1 498 535 726 AND
2 1 538 540 727 AND
2 1 537 727 728 XOR
2 1 538 541 729 AND
2 1 494 540 730 AND
2 1 366 730 731 XOR
2 1 494 541 732 AND
2 1 544 546 733 AND
2 1 543 733 734 XOR
2 1 544 547 735 AND
2 1 490 546 736 AND
2 1 362 736 737 XOR
2 1 490 547 738 AND
2 1 550 552 739 AND
2 1 549 739 740 XOR
2 1 550 553 741 AND
2 1 486 552 742 AND
2 1 358 742 743 XOR
2 1 486 553 744 AND
2 1 556 558 745 AND
2 1 555 745 746 XOR
2 1 556 559 747 AND
2 1 482 558 748 AND
2 1 354 748 749 XOR
2 1 482 559 750 AND
2 1 562 564 751 AND
2 1 561 751 752 XOR
2 1 562 565 753 AND
2 1 478 564 754 AND
2 1 350 754 755 XOR
2 1 478 565 756 AND
2 1 568 570 757 AND
2 1 567 757 758 XOR
2 1 568 571 759 AND
2 1 474 570 760 AND
2 1 346 760 761 XOR
2 1 474 571 762 AND
2 1 574 576 763 AND
2 1 573 763 764 XOR
2 1 574 577 765 AND
2 1 470 576 766 AND
2 1 342 766 767 XOR
2 1 470 577 768 AND
2 1 580 582 769 AND
2 1 579 769 770 XOR
2 1 580 583 771 AND
2 1 466 582 772 AND
2 1 338 772 773 XOR
2 1 466 583 774 AND
2 1 586 588 775 AND
2 1 585 775 776 XOR
2 1 586 589 777 AND
2 1 462 588 778 AND
2 1 334 778 779 XOR
2 1 462 589 780 AND
2 1 592 594 781 AND
2 1 591 781 782 XOR
2 1 592 595 783 AND
2 1 458 594 784 AND
2 1 330 784 785 XOR
2 1 458 595 786 AND
2 1 598 600 787 AND
2 1 597 787 788 XOR
2 1 598 601 789 AND
2 1 454 600 790 AND
2 1 326 790 791 XOR
2 1 454 601 792 AND
2 1 604 606 793 AND
2 1 603 793 794 XOR
2 1 604 607 795 AND
2 1 450 606 796 AND
2 1 322 796 797 XOR
2 1 450 607 798 AND
2 1 610 612 799 AND
2 1 609 799 800 XOR
2 1 610 613 801 AND
2 1 446 612 802 AND
2 1 318 802 803 XOR
2 1 446 613 804 AND
2 1 616 618 805 AND
2 1 615 805 806 XOR
2 1 616 619 807 AND
2 1 442 618 808 AND
2 1 314 808 809 XOR
2 1 442 619 810 AND
2 1 622 624 811 AND
2 1 621 811 812 XOR
2 1 622 625 813 AND
2 1 438 624 814 AND
2 1 310 814 815 XOR
2 1 438 625 816 AND
2 1 628 630 817 AND
2 1 627 817 818 XOR
2 1 628 631 819 AND
2 1 434 630 820 AND
2 1 306 820 821 XOR
2 1 434 631 822 AND
2 1 634 636 823 AND
2 1 633 823 824 XOR
2 1 634 637 825 AND
2 1 430 636 826 AND
2 1 302 826 827 XOR
2 1 430 637 828 AND
2 1 640 642 829 AND
2 1 639 829 830 XOR
2 1 640 643 831 AND
2 1 426 642 832 AND
2 1 298 832 833 XOR
2 1 426 643 834 AND
2 1 646 648 835 AND
2 1 645 835 836 XOR
2 1 646 649 837 AND
2 1 422 648 838 AND
2 1 294 838 839 XOR
2 1 422 649 840 AND
2 1 652 654 841 AND
2 1 651 841 842 XOR
2 1 652 655 843 AND
2 1 418 654 844 AND
2 1 290 844 845 XOR
2 1 418 655 846 AND
2 1 658 660 847 AND
2 1 657 847 848 XOR
2 1 658 661 849 AND
2 1 414 660 850 AND
2 1 286 850 851 XOR
2 1 414 661 852 AND
2 1 664 666 853 AND
2 1 663 853 854 XOR
2 1 664 667 855 AND
2 1 410 666 856 AND
2 1 282 856 857 XOR
2 1 410 667 858 AND
2 1 670 672 859 AND
2 1 669 859 860 XOR
2 1 670 673 861 AND
2 1 406 672 862 AND
2 1 278 862 863 XOR
2 1 406 673 864 AND
2 1 676 678 865 AND
2 1 675 865 866 XOR
2 1 676 679 867 AND
2 1 402 678 868 AND
2 1 274 868 869 XOR
2 1 402 679 870 AND
2 1 682 684 871 AND
2 1 681 871 872 XOR
2 1 682 685 873 AND
2 1 398 684 874 AND
2 1 270 874 875 XOR
2 1 398 685 876 AND
2 1 688 690 877 AND
2 1 687 877 878 XOR
2 1 688 691 879 AND
2 1 394 690 880 AND
2 1 266 880 881 XOR
2 1 394 691 882 AND
2 1 694 696 883 AND
2 1 693 883 884 XOR
2 1 694 697 885 AND
2 1 390 696 886 AND
2 1 262 886 887 XOR
2 1 390 697 888 AND
2 1 700 702 889 AND
2 1 699 889 890 XOR
2 1 386 702 891 AND
2 1 258 891 892 XOR
2 1 705 710 893 AND
2 1 704 893 894 XOR
2 1 705 711 895 AND
2 1 708 710 896 AND
2 1 707 896 897 XOR
2 1 708 711 898 AND
2 1 517 710 899 AND
2 1 516 899 900 XOR
2 1 517 711 901 AND
2 1 508 710 902 AND
2 1 380 902 903 XOR
2 1 508 711 904 AND
2 1 717 722 905 AND
2 1 716 905 906 XOR
2 1 717 723 907 AND
2 1 720 722 908 AND
2 1 719 908 909 XOR
2 1 720 723 910 AND
2 1 529 722 911 AND
2 1 528 911 912 XOR
2 1 529 723 913 AND
2 1 500 722 914 AND
2 1 372 914 915 XOR
2 1 500 723 916 AND
2 1 729 734 917 AND
2 1 728 917 918 XOR
2 1 729 735 919 AND
2 1 732 734 920 AND
2 1 731 920 921 XOR
2 1 732 735 922 AND
2 1 541 734 923 AND
2 1 540 923 924 XOR
2 1 541 735 925 AND
2 1 492 734 926 AND
2 1 364 926 927 XOR
2 1 492 735 928 AND
2 1 741 746 929 AND
2 1 740 929 930 XOR
2 1 741 747 931 AND
2 1 744 746 932 AND
2 1 743 932 933 XOR
2 1 744 747 934 AND
2 1 553 746 935 AND
2 1 552 935 936 XOR
2 1 553 747 937 AND
2 1 484 746 938 AND
2 1 356 938 939 XOR
2 1 484 747 940 AND
2 1 753 758 941 AND
2 1 752 941 942 XOR
2 1 753 759 943 AND
2 1 756 758 944 AND
2 1 755 944 945 XOR
2 1 756 759 946 AND
2 1 565 758 947 AND
2 1 564 947 948 XOR
2 1 565 759 949 AND
2 1 476 758 950 AND
2 1 348 950 951 XOR
2 1 476 759 952 AND
2 1 765 770 953 AND
2 1 764 953 954 XOR
2 1 765 771 955 AND
2 1 768 770 956 AND
2 1 767 956 957 XOR
2 1 768 771 958 AND
2 1 577 770 959 AND
2 1 576 959 960 XOR
2 1 577 771 961 AND
2 1 468 770 962 AND
2 1 340 962 963 XOR
2 1 468 771 964 AND
2 1 777 782 965 AND
2 1 776 965 966 XOR
2 1 777 783 967 AND
2 1 780 782 968 AND
2 1 779 968 969 XOR
2 1 780 783 970 AND
2 1 589 782 971 AND
2 1 588 971 972 XOR
2 1 589 783 973 AND
2 1 460 782 974 AND
2 1 332 974 975 XOR
2 1 460 783 976 AND
2 1 789 794 977 AND
2 1 788 977 978 XOR
2 1 789 795 979 AND
2 1 792 794 980 AND
2 1 791 980 981 XOR
2 1 792 795 982 AND
2 1 601 794 983 AND
2 1 600 983 984 XOR
2 1 601 795 985 AND
2 1 452 794 986 AND
2 1 324 986 987 XOR
2 1 452 795 988 AND
2 1 801 806 989 AND
2 1 800 989 990 XOR
2 1 801 807 991 AND
2 1 804 806 992 AND
2 1 803 992 993 XOR
2 1 804 807 994 AND
2 1 613 806 995 AND
2 1 612 995 996 XOR
2 1 613 807 997 AND
2 1 444 806 998 AND
2 1 316 998 999 XOR
2 1 444 807 1000 AND
2 1 813 818 1001 AND
2 1 812 1001 1002 XOR
2 1 813 819 1003 AND
2 1 816 818 1004 AND
2 1 815 1004 1005 XOR
2 1 816 819 1006 AND
2 1 625 818 1007 AND
2 1 624 1007 1008 XOR
2 1 625 819 1009 AND
2 1 436 818 1010 AND
2 1 308 1010 1011 XOR
2 1 436 819 1012 AND
2 1 825 830 1013 AND
2 1 824 1013 1014 XOR
2 1 825 831 1015 AND
2 1 828 830 1016 AND
2 1 827 1016 1017 XOR
2 1 828 831 1018 AND
2 1 637 830 1019 AND
2 1 636 1019 1020 XOR
2 1 637 831 1021 AND
2 1 428 830 1022 AND
2 1 300 1022 1023 XOR
2 1 428 831 1024 AND
2 1 837 842 1025 AND
2 1 836 1025 1026 XOR
2 1 837 843 1027 AND
2 1 840 842 1028 AND
2 1 839 1028 1029 XOR
2 1 840 843 1030 AND
2 1 649 842 1031 AND
2 1 648 1031 1032 XOR
2 1 649 843 1033 AND
2 1 420 842 1034 AND
2 1 292 1034 1035 XOR
2 1 420 843 1036 AND
2 1 849 854 1037 AND
2 1 848 1037 1038 XOR
2 1 849 855 1039 AND
2 1 852 854 1040 AND
2 1 851 1040 1041 XOR
2 1 852 855 1042 AND
2 1 661 854 1043 AND
2 1 660 1043 1044 XOR
2 1 661 855 1045 AND
2 1 412 854 1046 AND
2 1 284 1046 1047 XOR
2 1 412 855 1048 AND
2 1 861 866 1049 AND
2 1 860 1049 1050 XOR
2 1 861 867 1051 AND
2 1 864 866 1052 AND
2 1 863 1052 1053 XOR
2 1 864 867 1054 AND
2 1 673 866 1055 AND
2 1 672 1055 1056 XOR
2 1 673 867 1057 AND
2 1 404 866 1058 AND
2 1 276 1058 1059 XOR
2 1 404 867 1060 AND
2 1 873 878 1061 AND
2 1 872 1061 1062 XOR
2 1 873 879 1063 AND
2 1 876 878 1064 AND
2 1 875 1064 1065 XOR
2 1 876 879 1066 AND
2 1 685 878 1067 AND
2 1 684 1067 1068 XOR
2 1 685 879 1069 AND
2 1 396 878 1070 AND
2 1 268 1070 1071 XOR
2 1 396 879 1072 AND
2 1 885 890 1073 AND
2 1 884 1073 1074 XOR
2 1 888 890 1075 AND
2 1 887 1075 1076 XOR
2 1 697 890 1077 AND
2 1 696 1077 1078 XOR
2 1 388 890 1079 AND
2 1 260 1079 1080 XOR
2 1 895 906 1081 AND
2 1 894 1081 1082 XOR
2 1 895 907 1083 AND
2 1 898 906 1084 AND
2 1 897 1084 1085 XOR
2 1 898 907 1086 AND
2 1 901 906 1087 AND
2 1 900 1087 1088 XOR
2 1 901 907 1089 AND
2 1 904 906 1090 AND
2 1 903 1090 1091 XOR
2 1 904 907 1092 AND
2 1 711 906 1093 AND
2 1 710 1093 1094 XOR
2 1 711 907 1095 AND
2 1 714 906 1096 AND
2 1 713 1096 1097 XOR
2 1 714 907 1098 AND
2 1 523 906 1099 AND
2 1 522 1099 1100 XOR
2 1 523 907 1101 AND
2 1 504 906 1102 AND
2 1 376 1102 1103 XOR
2 1 504 907 1104 AND
2 1 919 930 1105 AND
2 1 918 1105 1106 XOR
2 1 919 931 1107 AND
2 1 922 930 1108 AND
2 1 921 1108 1109 XOR
2 1 922 931 1110 AND
2 1 925 930 1111 AND
2 1 924 1111 1112 XOR
2 1 925 931 1113 AND
2 1 928 930 1114 AND
2 1 927 1114 1115 XOR
2 1 928 931 1116 AND
2 1 735 930 1117 AND
2 1 734 1117 1118 XOR
2 1 735 931 1119 AND
2 1 738 930 1120 AND
2 1 737 1120 1121 XOR
2 1 738 931 1122 AND
2 1 547 930 1123 AND
2 1 546 1123 1124 XOR
2 1 547 931 1125 AND
2 1 488 930 1126 AND
2 1 360 1126 1127 XOR
2 1 488 931 1128 AND
2 1 943 954 1129 AND
2 1 942 1129 1130 XOR
2 1 943 955 1131 AND
2 1 946 954 1132 AND
2 1 945 1132 1133 XOR
2 1 946 955 1134 AND
2 1 949 954 1135 AND
2 1 948 1135 1136 XOR
2 1 949 955 1137 AND
2 1 952 954 1138 AND
2 1 951 1138 1139 XOR
2 1 952 955 1140 AND
2 1 759 954 1141 AND
2 1 758 1141 1142 XOR
2 1 759 955 1143 AND
2 1 762 954 1144 AND
2 1 761 1144 1145 XOR
2 1 762 955 1146 AND
2 1 571 954 1147 AND
2 1 570 1147 1148 XOR
2 1 571 955 1149 AND
2 1 472 954 1150 AND
2 1 344 1150 1151 XOR
2 1 472 955 1152 AND
2 1 967 978 1153 AND
2 1 966 1153 1154 XOR
2 1 967 979 1155 AND
2 1 970 978 1156 AND
2 1 969 1156 1157 XOR
2 1 970 979 1158 AND
2 1 973 978 1159 AND
2 1 972 1159 1160 XOR
2 1 973 979 1161 AND
2 1 976 978 1162 AND
2 1 975 1162 1163 XOR
2 1 976 979 1164 AND
2 1 783 978 1165 AND
2 1 782 1165 1166 XOR
2 1 783 979 1167 AND
2 1 786 978 1168 AND
2 1 785 1168 1169 XOR
2 1 786 979 1170 AND
2 1 595 978 1171 AND
2 1 594 1171 1172 XOR
2 1 595 979 1173 AND
2 1 456 978 1174 AND
2 1 328 1174 1175 XOR
2 1 456 979 1176 AND
2 1 991 1002 1177 AND
2 1 990 1177 1178 XOR
2 1 991 1003 1179 AND
2 1 994 1002 1180 AND
2 1 993 1180 1181 XOR
2 1 994 1003 1182 AND
2 1 997 1002 1183 AND
2 1 996 1183 1184 XOR
2 1 997 1003 1185 AND
2 1 1000 1002 1186 AND
2 1 999 1186 1187 XOR
2 1 1000 1003 1188 AND
2 1 807 1002 1189 AND
2 1 806 1189 1190 XOR
2 1 807 1003 1191 AND
2 1 810 1002 1192 AND
2 1 809 1192 1193 XOR
2 1 810 1003 1194 AND
2 1 619 1002 1195 AND
2 1 618 1195 1196 XOR
2 1 619 1003 1197 AND
2 1 440 1002 1198 AND
2 1 312 1198 1199 XOR
2 1 440 1003 1200 AND
2 1 1015 1026 1201 AND
2 1 1014 1201 1202 XOR
2 1 1015 1027 1203 AND
2 1 1018 1026 1204 AND
2 1 1017 1204 1205 XOR
2 1 1018 1027 1206 AND
2 1 1021 1026 1207 AND
2 1 1020 1207 1208 XOR
2 1 1021 1027 1209 AND
2 1 1024 1026 1210 AND
2 1 1023 1210 1211 XOR
2 1 1024 1027 1212 AND
2 1 831 1026 1213 AND
2 1 830 1213 1214 XOR
2 1 831 1027 1215 AND
2 1 834 1026 1216 AND
2 1 833 1216 1217 XOR
2 1 834 1027 1218 AND
2 1 643 1026 1219 AND
2 1 642 1219 1220 XOR
2 1 643 1027 1221 AND
2 1 424 1026 1222 AND
2 1 296 1222 1223 XOR
2 1 424 1027 1224 AND
2 1 1039 1050 1225 AND
2 1 1038 1225 1226 XOR
2 1 1039 1051 1227 AND
2 1 1042 1050 1228 AND
2 1 1041 1228 1229 XOR
2 1 1042 1051 1230 AND
2 1 1045 1050 1231 AND
2 1 1044 1231 1232 XOR
2 1 1045 1051 1233 AND
2 1 1048 1050 1234 AND
2 1 1047 1234 1235 XOR
2 1 1048 1051 1236 AND
2 1 855 1050 1237 AND
2 1 854 1237 1238 XOR
2 1 855 1051 1239 AND
2 1 858 1050 1240 AND
2 1 857 1240 1241 XOR
2 1 858 1051 1242 AND
2 1 667 1050 1243 AND
2 1 666 1243 1244 XOR
2 1 667 1051 1245 AND
2 1 408 1050 1246 AND
2 1 280 1246 1247 XOR
2 1 408 1051 1248 AND
2 1 1063 1074 1249 AND
2 1 1062 1249 1250 XOR
2 1 1066 1074 1251 AND
2 1 1065 1251 1252 XOR
2 1 1069 1074 1253 AND
2 1 1068 1253 1254 XOR
2 1 1072 1074 1255 AND
2 1 1071 1255 1256 XOR
2 1 879 1074 1257 AND
2 1 878 1257 1258 XOR
2 1 882 1074 1259 AND
2 1 881 1259 1260 XOR
2 1 691 1074 1261 AND
2 1 690 1261 1262 XOR
2 1 392 1074 1263 AND
2 1 264 1263 1264 XOR
2 1 1083 1106 1265 AND
2 1 1082 1265 1266 XOR
2 1 1083 1107 1267 AND
2 1 1086 1106 1268 AND
2 1 1085 1268 1269 XOR
2 1 1086 1107 1270 AND
2 1 1089 1106 1271 AND
2 1 1088 1271 1272 XOR
2 1 1089 1107 1273 AND
2 1 1092 1106 1274 AND
2 1 1091 1274 1275 XOR
2 1 1092 1107 1276 AND
2 1 1095 1106 1277 AND
2 1 1094 1277 1278 XOR
2 1 1095 1107 1279 AND
2 1 1098 1106 1280 AND
2 1 1097 1280 1281 XOR
2 1 1098 1107 1282 AND
2 1 1101 1106 1283 AND
2 1 1100 1283 1284 XOR
2 1 1101 1107 1285 AND
2 1 1104 1106 1286 AND
2 1 1103 1286 1287 XOR
2 1 1104 1107 1288 AND
2 1 907 1106 1289 AND
2 1 906 1289 1290 XOR
2 1 907 1107 1291 AND
2 1 910 1106 1292 AND
2 1 909 1292 1293 XOR
2 1 910 1107 1294 AND
2 1 913 1106 1295 AND
2 1 912 1295 1296 XOR
2 1 913 1107 1297 AND
2 1 916 1106 1298 AND
2 1 915 1298 1299 XOR
2 1 916 1107 1300 AND
2 1 723 1106 1301 AND
2 1 722 1301 1302 XOR
2 1 723 1107 1303 AND
2 1 726 1106 1304 AND
2 1 725 1304 1305 XOR
2 1 726 1107 1306 AND
2 1 535 1106 1307 AND
2 1 534 1307 1308 XOR
2 1 535 1107 1309 AND
2 1 496 1106 1310 AND
2 1 368 1310 1311 XOR
2 1 496 1107 1312 AND
2 1 1131 1154 1313 AND
2 1 1130 1313 1314 XOR
2 1 1131 1155 1315 AND
2 1 1134 1154 1316 AND
2 1 1133 1316 1317 XOR
2 1 1134 1155 1318 AND
2 1 1137 1154 1319 AND
2 1 1136 1319 1320 XOR
2 1 1137 1155 1321 AND
2 1 1140 1154 1322 AND
2 1 1139 1322 1323 XOR
2 1 1140 1155 1324 AND
2 1 1143 1154 1325 AND
2 1 1142 1325 1326 XOR
2 1 1143 1155 1327 AND
2 1 1146 1154 1328 AND
2 1 1145 1328 1329 XOR
2 1 1146 1155 1330 AND
2 1 1149 1154 1331 AND
2 1 1148 1331 1332 XOR
2 1 1149 1155 1333 AND
2 1 1152 1154 1334 AND
2 1 1151 1334 1335 XOR
2 1 1152 1155 1336 AND
2 1 955 1154 1337 AND
2 1 954 1337 1338 XOR
2 1 955 1155 1339 AND
2 1 958 1154 1340 AND
2 1 957 1340 1341 XOR
2 1 958 1155 1342 AND
2 1 961 1154 1343 AND
2 1 960 1343 1344 XOR
2 1 961 1155 1345 AND
2 1 964 1154 1346 AND
2 1 963 1346 1347 XOR
2 1 964 1155 1348 AND
2 1 771 1154 1349 AND
2 1 770 1349 1350 XOR
2 1 771 1155 1351 AND
2 1 774 1154 1352 AND
2 1 773 1352 1353 XOR
2 1 774 1155 1354 AND
2 1 583 1154 1355 AND
2 1 582 1355 1356 XOR
2 1 583 1155 1357 AND
2 1 464 1154 1358 AND
2 1 336 1358 1359 XOR
2 1 464 1155 1360 AND
2 1 1179 1202 1361 AND
2 1 1178 1361 1362 XOR
2 1 1179 1203 1363 AND
2 1 1182 1202 1364 AND
2 1 1181 1364 1365 XOR
2 1 1182 1203 1366 AND
2 1 1185 1202 1367 AND
2 1 1184 1367 1368 XOR
2 1 1185 1203 1369 AND
2 1 1188 1202 1370 AND
2 1 1187 1370 1371 XOR
2 1 1188 1203 1372 AND
2 1 1191 1202 1373 AND
2 1 1190 1373 1374 XOR
2 1 1191 1203 1375 AND
2 1 1194 1202 1376 AND
2 1 1193 1376 1377 XOR
2 1 1194 1203 1378 AND
2 1 1197 1202 1379 AND
2 1 1196 1379 1380 XOR
2 1 1197 1203 1381 AND
2 1 1200 1202 1382 AND
2 1 1199 1382 1383 XOR
2 1 1200 1203 1384 AND
2 1 1003 1202 1385 AND
2 1 1002 1385 1386 XOR
2 1 1003 1203 1387 AND
2 1 1006 1202 1388 AND
2 1 1005 1388 1389 XOR
2 1 1006 1203 1390 AND
2 1 1009 1202 1391 AND
2 1 1008 1391 1392 XOR
2 1 1009 1203 1393 AND
2 1 1012 1202 1394 AND
2 1 1011 1394 1395 XOR
2 1 1012 1203 1396 AND
2 1 819 1202 1397 AND
2 1 818 1397 1398 XOR
2 1 819 1203 1399 AND
2 1 822 1202 1400 AND
2 1 821 1400 1401 XOR
2 1 822 1203 1402 AND
2 1 631 1202 1403 AND
2 1 630 1403 1404 XOR
2 1 631 1203 1405 AND
2 1 432 1202 1406 AND
2 1 304 1406 1407 XOR
2 1 432 1203 1408 AND
2 1 1227 1250 1409 AND
2 1 1226 1409 1410 XOR
2 1 1230 1250 1411 AND
2 1 1229 1411 1412 XOR
2 1 1233 1250 1413 AND
2 1 1232 1413 1414 XOR
2 1 1236 1250 1415 AND
2 1 1235 1415 1416 XOR
2 1 1239 1250 1417 AND
2 1 1238 1417 1418 XOR
2 1 1242 1250 1419 AND
2 1 1241 1419 1420 XOR
2 1 1245 1250 1421 AND
2 1 1244 1421 1422 XOR
2 1 1248 1250 1423 AND
2 1 1247 1423 1424 XOR
2 1 1051 1250 1425 AND
2 1 1050 1425 1426 XOR
2 1 1054 1250 1427 AND
2 1 1053 1427 1428 XOR
2 1 1057 1250 1429 AND
2 1 1056 1429 1430 XOR
2 1 1060 1250 1431 AND
2 1 1059 1431 1432 XOR
2 1 867 1250 1433 AND
2 1 866 1433 1434 XOR
2 1 870 1250 1435 AND
2 1 869 1435 1436 XOR
2 1 679 1250 1437 AND
2 1 678 1437 1438 XOR
2 1 400 1250 1439 AND
2 1 272 1439 1440 XOR
2 1 1267 1314 1441 AND
2 1 1266 1441 1442 XOR
2 1 1267 1315 1443 AND
2 1 1270 1314 1444 AND
2 1 1269 1444 1445 XOR
2 1 1270 1315 1446 AND
2 1 1273 1314 1447 AND
2 1 1272 1447 1448 XOR
2 1 1273 1315 1449 AND
2 1 1276 1314 1450 AND
2 1 1275 1450 1451 XOR
2 1 1276 1315 1452 AND
2 1 1279 1314 1453 AND
2 1 1278 1453 1454 XOR
2 1 1279 1315 1455 AND
2 1 1282 1314 1456 AND
2 1 1281 1456 1457 XOR
2 1 1282 1315 1458 AND
2 1 1285 1314 1459 AND
2 1 1284 1459 1460 XOR
2 1 1285 1315 1461 AND
2 1 1288 1314 1462 AND
2 1 1287 1462 1463 XOR
2 1 1288 1315 1464 AND
2 1 1291 1314 1465 AND
2 1 1290 1465 1466 XOR
2 1 1291 1315 1467 AND
2 1 1294 1314 1468 AND
2 1 1293 1468 1469 XOR
2 1 1294 1315 1470 AND
2 1 1297 1314 1471 AND
2 1 1296 1471 1472 XOR
2 1 1297 1315 1473 AND
2 1 1300 1314 1474 AND
2 1 1299 1474 1475 XOR
2 1 1300 1315 1476 AND
2 1 1303 1314 1477 AND
2 1 1302 1477 1478 XOR
2 1 1303 1315 1479 AND
2 1 1306 1314 1480 AND
2 1 1305 1480 1481 XOR
2 1 1306 1315 1482 AND
2 1 1309 1314 1483 AND
2 1 1308 1483 1484 XOR
2 1 1309 1315 1485 AND
2 1 1312 1314 1486 AND
2 1 1311 1486 1487 XOR
2 1 1312 1315 1488 AND
2 1 1107 1314 1489 AND
2 1 1106 1489 1490 XOR
2 1 1107 1315 1491 AND
2 1 1110 1314 1492 AND
2 1 1109 1492 1493 XOR
2 1 1110 1315 1494 AND
2 1 1113 1314 1495 AND
2 1 1112 1495 1496 XOR
2 1 1113 1315 1497 AND
2 1 1116 1314 1498 AND
2 1 1115 1498 1499 XOR
2 1 1116 1315 1500 AND
2 1 1119 1314 1501 AND
2 1 1118 1501 1502 XOR
2 1 1119 1315 1503 AND
2 1 1122 1314 1504 AND
2 1 1121 1504 1505 XOR
2 1 1122 1315 1506 AND
2 1 1125 1314 1507 AND
2 1 1124 1507 1508 XOR
2 1 1125 1315 1509 AND
2 1 1128 1314 1510 AND
2 1 1127 1510 1511 XOR
2 1 1128 1315 1512 AND
2 1 931 1314 1513 AND
2 1 930 1513 1514 XOR
2 1 931 1315 1515 AND
2 1 934 1314 1516 AND
2 1 933 1516 1517 XOR
2 1 934 1315 1518 AND
2 1 937 1314 1519 AND
2 1 936 1519 1520 XOR
2 1 937 1315 1521 AND
2 1 940 1314 1522 AND
2 1 939 1522 1523 XOR
2 1 940 1315 1524 AND
2 1 747 1314 1525 AND
2 1 746 1525 1526 XOR
2 1 747 1315 1527 AND
2 1 750 1314 1528 AND
2 1 749 1528 1529 XOR
2 1 750 1315 1530 AND
2 1 559 1314 1531 AND
2 1 558 1531 1532 XOR
2 1 559 1315 1533 AND
2 1 480 1314 1534 AND
2 1 352 1534 1535 XOR
2 1 480 1315 1536 AND
2 1 1363 1410 1537 AND
2 1 1362 1537 1538 XOR
2 1 1366 1410 1539 AND
2 1 1365 1539 1540 XOR
2 1 1369 1410 1541 AND
2 1 1368 1541 1542 XOR
2 1 1372 1410 1543 AND
2 1 1371 1543 1544 XOR
2 1 1375 1410 1545 AND
2 1 1374 1545 1546 XOR
2 1 1378 1410 1547 AND
2 1 1377 1547 1548 XOR
2 1 1381 1410 1549 AND
2 1 1380 1549 1550 XOR
2 1 1384 1410 1551 AND
2 1 1383 1551 1552 XOR
2 1 1387 1410 1553 AND
2 1 1386 1553 1554 XOR
2 1 1390 1410 1555 AND
2 1 1389 1555 1556 XOR
2 1 1393 1410 1557 AND
2 1 1392 1557 1558 XOR
2 1 1396 1410 1559 AND
2 1 1395 1559 1560 XOR
2 1 1399 1410 1561 AND
2 1 1398 1561 1562 XOR
2 1 1402 1410 1563 AND
2 1 1401 1563 1564 XOR
2 1 1405 1410 1565 AND
2 1 1404 1565 1566 XOR
2 1 1408 1410 1567 AND
2 1 1407 1567 1568 XOR
2 1 1203 1410 1569 AND
2 1 1202 1569 1570 XOR
2 1 1206 1410 1571 AND
2 1 1205 1571 1572 XOR
2 1 1209 1410 1573 AND
2 1 1208 1573 1574 XOR
2 1 1212 1410 1575 AND
2 1 1211 1575 1576 XOR
2 1 1215 1410 1577 AND
2 1 1214 1577 1578 XOR
2 1 1218 1410 1579 AND
2 1 1217 1579 1580 XOR
2 1 1221 1410 1581 AND
2 1 1220 1581 1582 XOR
2 1 1224 1410 1583 AND
2 1 1223 1583 1584 XOR
2 1 1027 1410 1585 AND
2 1 1026 1585 1586 XOR
2 1 1030 1410 1587 AND
2 1 1029 1587 1588 XOR
2 1 1033 1410 1589 AND
2 1 1032 1589 1590 XOR
2 1 1036 1410 1591 AND
2 1 1035 1591 1592 XOR
2 1 843 1410 1593 AND
2 1 842 1593 1594 XOR
2 1 846 1410 1595 AND
2 1 845 1595 1596 XOR
2 1 655 1410 1597 AND
2 1 654 1597 1598 XOR
2 1 416 1410 1599 AND
2 1 288 1599 1600 XOR
2 1 1443 1538 1601 AND
2 1 1442 1601 1602 XOR
2 1 1446 1538 1603 AND
2 1 1445 1603 1604 XOR
2 1 1449 1538 1605 AND
2 1 1448 1605 1606 XOR
2 1 1452 1538 1607 AND
2 1 1451 1607 1608 XOR
2 1 1455 1538 1609 AND
2 1 1454 1609 1610 XOR
2 1 1458 1538 1611 AND
2 1 1457 1611 1612 XOR
2 1 1461 1538 1613 AND
2 1 1460 1613 1614 XOR
2 1 1464 1538 1615 AND
2 1 1463 1615 1616 XOR
2 1 1467 1538 1617 AND
2 1 1466 1617 1618 XOR
2 1 1470 1538 1619 AND
2 1 1469 1619 1620 XOR
2 1 1473 1538 1621 AND
2 1 1472 1621 1622 XOR
2 1 1476 1538 1623 AND
2 1 1475 1623 1624 XOR
2 1 1479 1538 1625 AND
2 1 1478 1625 1626 XOR
2 1 1482 1538 1627 AND
2 1 1481 1627 1628 XOR
2 1 1485 1538 1629 AND
2 1 1484 1629 1630 XOR
2 1 1488 1538 1631 AND
2 1 1487 1631 1632 XOR
2 1 1491 1538 1633 AND
2 1 1490 1633 1634 XOR
2 1 1494 1538 1635 AND
2 1 1493 1635 1636 XOR
2 1 1497 1538 1637 AND
2 1 1496 1637 1638 XOR
2 1 1500 1538 1639 AND
2 1 1499 1639 1640 XOR
2 1 1503 1538 1641 AND
2 1 1502 1641 1642 XOR
2 1 1506 1538 1643 AND
2 1 1505 1643 1644 XOR
2 1 1509 1538 1645 AND
2 1 1508 1645 1646 XOR
2 1 1512 1538 1647 AND
2 1 1511 1647 1648 XOR
2 1 1515 1538 1649 AND
2 1 1514 1649 1650 XOR
2 1 1518 1538 1651 AND
2 1 1517 1651 1652 XOR
2 1 1521 1538 1653 AND
2 1 1520 1653 1654 XOR
2 1 1524 1538 1655 AND
2 1 1523 1655 1656 XOR
2 1 1527 1538 1657 AND
2 1 1526 1657 1658 XOR
2 1 1530 1538 1659 AND
2 1 1529 1659 1660 XOR
2 1 1533 1538 1661 AND
2 1 1532 1661 1662 XOR
2 1 1536 1538 1663 AND
2 1 1535 1663 1664 XOR
2 1 1315 1538 1665 AND
2 1 1314 1665 1666 XOR
2 1 1318 1538 1667 AND
2 1 1317 1667 1668 XOR
2 1 1321 1538 1669 AND
2 1 1320 1669 1670 XOR
2 1 1324 1538 1671 AND
2 1 1323 1671 1672 XOR
2 1 1327 1538 1673 AND
2 1 1326 1673 1674 XOR
2 1 1330 1538 1675 AND
2 1 1329 1675 1676 XOR
2 1 1333 1538 1677 AND
2 1 1332 1677 1678 XOR
2 1 1336 1538 1679 AND
2 1 1335 1679 1680 XOR
2 1 1339 1538 1681 AND
2 1 1338 1681 1682 XOR
2 1 1342 1538 1683 AND
2 1 1341 1683 1684 XOR
2 1 1345 1538 1685 AND
2 1 1344 1685 1686 XOR
2 1 1348 1538 1687 AND
2 1 1347 1687 1688 XOR
2 1 1351 1538 1689 AND
2 1 1350 1689 1690 XOR
2 1 1354 1538 1691 AND
2 1 1353 1691 1692 XOR
2 1 1357 1538 1693 AND
2 1 1356 1693 1694 XOR
2 1 1360 1538 1695 AND
2 1 1359 1695 1696 XOR
2 1 1155 1538 1697 AND
2 1 1154 1697 1698 XOR
2 1 1158 1538 1699 AND
2 1 1157 1699 1700 XOR
2 1 1161 1538 1701 AND
2 1 1160 1701 1702 XOR
2 1 1164 1538 1703 AND
2 1 1163 1703 1704 XOR
2 1 1167 1538 1705 AND
2 1 1166 1705 1706 XOR
2 1 1170 1538 1707 AND
2 1 1169 1707 1708 XOR
2 1 1173 1538 1709 AND
2 1 1172 1709 1710 XOR
2 1 1176 1538 1711 AND
2 1 1175 1711 1712 XOR
2 1 979 1538 1713 AND
2 1 978 1713 1714 XOR
2 1 982 1538 1715 AND
2 1 981 1715 1716 XOR
2 1 985 1538 1717 AND
2 1 984 1717 1718 XOR
2 1 988 1538 1719 AND
2 1 987 1719 1720 XOR
2 1 795 1538 1721 AND
2 1 794 1721 1722 XOR
2 1 798 1538 1723 AND
2 1 797 1723 1724 XOR
2 1 607 1538 1725 AND
2 1 606 1725 1726 XOR
2 1 448 1538 1727 AND
2 1 320 1727 1728 XOR
1 1 384 1729 EQW
2 1 385 256 1730 XOR
2 1 386 702 1731 XOR
2 1 387 892 1732 XOR
2 1 388 890 1733 XOR
2 1 389 1080 1734 XOR
2 1 390 1078 1735 XOR
2 1 391 1076 1736 XOR
2 1 392 1074 1737 XOR
2 1 393 1264 1738 XOR
2 1 394 1262 1739 XOR
2 1 395 1260 1740 XOR
2 1 396 1258 1741 XOR
2 1 397 1256 1742 XOR
2 1 398 1254 1743 XOR
2 1 399 1252 1744 XOR
2 1 400 1250 1745 XOR
2 1 401 1440 1746 XOR
2 1 402 1438 1747 XOR
2 1 403 1436 1748 XOR
2 1 404 1434 1749 XOR
2 1 405 1432 1750 XOR
2 1 406 1430 1751 XOR
2 1 407 1428 1752 XOR
2 1 408 1426 1753 XOR
2 1 409 1424 1754 XOR
2 1 410 1422 1755 XOR
2 1 411 1420 1756 XOR
2 1 412 1418 1757 XOR
2 1 413 1416 1758 XOR
2 1 414 1414 1759 XOR
2 1 415 1412 1760 XOR
2 1 416 1410 1761 XOR
2 1 417 1600 1762 XOR
2 1 418 1598 1763 XOR
2 1 419 1596 1764 XOR
2 1 420 1594 1765 XOR
2 1 421 1592 1766 XOR
2 1 422 1590 1767 XOR
2 1 423 1588 1768 XOR
2 1 424 1586 1769 XOR
2 1 425 1584 1770 XOR
2 1 426 1582 1771 XOR
2 1 427 1580 1772 XOR
2 1 428 1578 1773 XOR
2 1 429 1576 1774 XOR
2 1 430 1574 1775 XOR
2 1 431 1572 1776 XOR
2 1 432 1570 1777 XOR
2 1 433 1568 1778 XOR
2 1 434 1566 1779 XOR
2 1 435 1564 1780 XOR
2 1 436 1562 1781 XOR
2 1 437 1560 1782 XOR
2 1 438 1558 1783 XOR
2 1 439 1556 1784 XOR
2 1 440 1554 1785 XOR
2 1 441 1552 1786 XOR
2 1 442 1550 1787 XOR
2 1 443 1548 1788 XOR
2 1 444 1546 1789 XOR
2 1 445 1544 1790 XOR
2 1 446 1542 1791 XOR
2 1 447 1540 1792 XOR
2 1 448 1538 1793 XOR
2 1 449 1728 1794 XOR
2 1 450 1726 1795 XOR
2 1 451 1724 1796 XOR
2 1 452 1722 1797 XOR
2 1 453 1720 1798 XOR
2 1 454 1718 1799 XOR
2 1 455 1716 1800 XOR
2 1 456 1714 1801 XOR
2 1 457 1712 1802 XOR
2 1 458 1710 1803 XOR
2 1 459 1708 1804 XOR
2 1 460 1706 1805 XOR
2 1 461 1704 1806 XOR
2 1 462 1702 1807 XOR
2 1 463 1700 1808 XOR
2 1 464 1698 1809 XOR
2 1 465 1696 1810 XOR
2 1 466 1694 1811 XOR
2 1 467 1692 1812 XOR
2 1 468 1690 1813 XOR
2 1 469 1688 1814 XOR
2 1 470 1686 1815 XOR
2 1 471 1684 1816 XOR
2 1 472 1682 1817 XOR
2 1 473 1680 1818 XOR
2 1 474 1678 1819 XOR
2 1 475 1676 1820 XOR
2 1 476 1674 1821 XOR
2 1 477 1672 1822 XOR
2 1 478 1670 1823 XOR
2 1 479 1668 1824 XOR
2 1 480 1666 1825 XOR
2 1 481 1664 1826 XOR
2 1 482 1662 1827 XOR
2 1 483 1660 1828 XOR
2 1 484 1658 1829 XOR
2 1 485 1656 1830 XOR
2 1 486 1654 1831 XOR
2 1 487 1652 1832 XOR
2 1 488 1650 1833 XOR
2 1 489 1648 1834 XOR
2 1 490 1646 1835 XOR
2 1 491 1644 1836 XOR
2 1 492 1642 1837 XOR
2 1 493 1640 1838 XOR
2 1 494 1638 1839 XOR
2 1 495 1636 1840 XOR
2 1 496 1634 1841 XOR
2 1 497 1632 1842 XOR
2 1 498 1630 1843 XOR
2 1 499 1628 1844 XOR
2 1 500 1626 1845 XOR
2 1 501 1624 1846 XOR
2 1 502 1622 1847 XOR
2 1 503 1620 1848 XOR
2 1 504 1618 1849 XOR
2 1 505 1616 1850 XOR
2 1 506 1614 1851 XOR
2 1 507 1612 1852 XOR
2 1 508 1610 1853 XOR
2 1 509 1608 1854 XOR
2 1 510 1606 1855 XOR
2 1 511 1604 1856 XOR
