1599 1631
2 16 16
1 32

2 1 0 16 32 AND
2 1 0 17 33 AND
2 1 0 18 34 AND
2 1 0 19 35 AND
2 1 0 20 36 AND
2 1 0 21 37 AND
2 1 0 22 38 AND
2 1 0 23 39 AND
2 1 0 24 40 AND
2 1 0 25 41 AND
2 1 0 26 42 AND
2 1 0 27 43 AND
2 1 0 28 44 AND
2 1 0 29 45 AND
2 1 0 30 46 AND
2 1 0 31 47 AND
2 1 1 16 48 AND
2 1 1 17 49 AND
2 1 1 18 50 AND
2 1 1 19 51 AND
2 1 1 20 52 AND
2 1 1 21 53 AND
2 1 1 22 54 AND
2 1 1 23 55 AND
2 1 1 24 56 AND
2 1 1 25 57 AND
2 1 1 26 58 AND
2 1 1 27 59 AND
2 1 1 28 60 AND
2 1 1 29 61 AND
2 1 1 30 62 AND
2 1 1 31 63 AND
2 1 2 16 64 AND
2 1 2 17 65 AND
2 1 2 18 66 AND
2 1 2 19 67 AND
2 1 2 20 68 AND
2 1 2 21 69 AND
2 1 2 22 70 AND
2 1 2 23 71 AND
2 1 2 24 72 AND
2 1 2 25 73 AND
2 1 2 26 74 AND
2 1 2 27 75 AND
2 1 2 28 76 AND
2 1 2 29 77 AND
2 1 2 30 78 AND
2 1 2 31 79 AND
2 1 3 16 80 AND
2 1 3 17 81 AND
2 1 3 18 82 AND
2 1 3 19 83 AND
2 1 3 20 84 AND
2 1 3 21 85 AND
2 1 3 22 86 AND
2 1 3 23 87 AND
2 1 3 24 88 AND
2 1 3 25 89 AND
2 1 3 26 90 AND
2 1 3 27 91 AND
2 1 3 28 92 AND
2 1 3 29 93 AND
2 1 3 30 94 AND
2 1 3 31 95 AND
2 1 4 16 96 AND
2 1 4 17 97 AND
2 1 4 18 98 AND
2 1 4 19 99 AND
2 1 4 20 100 AND
2 1 4 21 101 AND
2 1 4 22 102 AND
2 1 4 23 103 AND
2 1 4 24 104 AND
2 1 4 25 105 AND
2 1 4 26 106 AND
2 1 4 27 107 AND
2 1 4 28 108 AND
2 1 4 29 109 AND
2 1 4 30 110 AND
2 1 4 31 111 AND
2 1 5 16 112 AND
2 1 5 17 113 AND
2 1 5 18 114 AND
2 1 5 19 115 AND
2 1 5 20 116 AND
2 1 5 21 117 AND
2 1 5 22 118 AND
2 1 5 23 119 AND
2 1 5 24 120 AND
2 1 5 25 121 AND
2 1 5 26 122 AND
2 1 5 27 123 AND
2 1 5 28 124 AND
2 1 5 29 125 AND
2 1 5 30 126 AND
2 1 5 31 127 AND
2 1 6 16 128 AND
2 1 6 17 129 AND
2 1 6 18 130 AND
2 1 6 19 131 AND
2 1 6 20 132 AND
2 1 6 21 133 AND
2 1 6 22 134 AND
2 1 6 23 135 AND
2 1 6 24 136 AND
2 1 6 25 137 AND
2 1 6 26 138 AND
2 1 6 27 139 AND
2 1 6 28 140 AND
2 1 6 29 141 AND
2 1 6 30 142 AND
2 1 6 31 143 AND
2 1 7 16 144 AND
2 1 7 17 145 AND
2 1 7 18 146 AND
2 1 7 19 147 AND
2 1 7 20 148 AND
2 1 7 21 149 AND
2 1 7 22 150 AND
2 1 7 23 151 AND
2 1 7 24 152 AND
2 1 7 25 153 AND
2 1 7 26 154 AND
2 1 7 27 155 AND
2 1 7 28 156 AND
2 1 7 29 157 AND
2 1 7 30 158 AND
2 1 7 31 159 AND
2 1 8 16 160 AND
2 1 8 17 161 AND
2 1 8 18 162 AND
2 1 8 19 163 AND
2 1 8 20 164 AND
2 1 8 21 165 AND
2 1 8 22 166 AND
2 1 8 23 167 AND
2 1 8 24 168 AND
2 1 8 25 169 AND
2 1 8 26 170 AND
2 1 8 27 171 AND
2 1 8 28 172 AND
2 1 8 29 173 AND
2 1 8 30 174 AND
2 1 8 31 175 AND
2 1 9 16 176 AND
2 1 9 17 177 AND
2 1 9 18 178 AND
2 1 9 19 179 AND
2 1 9 20 180 AND
2 1 9 21 181 AND
2 1 9 22 182 AND
2 1 9 23 183 AND
2 1 9 24 184 AND
2 1 9 25 185 AND
2 1 9 26 186 AND
2 1 9 27 187 AND
2 1 9 28 188 AND
2 1 9 29 189 AND
2 1 9 30 190 AND
2 1 9 31 191 AND
2 1 10 16 192 AND
2 1 10 17 193 AND
2 1 10 18 194 AND
2 1 10 19 195 AND
2 1 10 20 196 AND
2 1 10 21 197 AND
2 1 10 22 198 AND
2 1 10 23 199 AND
2 1 10 24 200 AND
2 1 10 25 201 AND
2 1 10 26 202 AND
2 1 10 27 203 AND
2 1 10 28 204 AND
2 1 10 29 205 AND
2 1 10 30 206 AND
2 1 10 31 207 AND
2 1 11 16 208 AND
2 1 11 17 209 AND
2 1 11 18 210 AND
2 1 11 19 211 AND
2 1 11 20 212 AND
2 1 11 21 213 AND
2 1 11 22 214 AND
2 1 11 23 215 AND
2 1 11 24 216 AND
2 1 11 25 217 AND
2 1 11 26 218 AND
2 1 11 27 219 AND
2 1 11 28 220 AND
2 1 11 29 221 AND
2 1 11 30 222 AND
2 1 11 31 223 AND
2 1 12 16 224 AND
2 1 12 17 225 AND
2 1 12 18 226 AND
2 1 12 19 227 AND
2 1 12 20 228 AND
2 1 12 21 229 AND
2 1 12 22 230 AND
2 1 12 23 231 AND
2 1 12 24 232 AND
2 1 12 25 233 AND
2 1 12 26 234 AND
2 1 12 27 235 AND
2 1 12 28 236 AND
2 1 12 29 237 AND
2 1 12 30 238 AND
2 1 12 31 239 AND
2 1 13 16 240 AND
2 1 13 17 241 AND
2 1 13 18 242 AND
2 1 13 19 243 AND
2 1 13 20 244 AND
2 1 13 21 245 AND
2 1 13 22 246 AND
2 1 13 23 247 AND
2 1 13 24 248 AND
2 1 13 25 249 AND
2 1 13 26 250 AND
2 1 13 27 251 AND
2 1 13 28 252 AND
2 1 13 29 253 AND
2 1 13 30 254 AND
2 1 13 31 255 AND
2 1 14 16 256 AND
2 1 14 17 257 AND
2 1 14 18 258 AND
2 1 14 19 259 AND
2 1 14 20 260 AND
2 1 14 21 261 AND
2 1 14 22 262 AND
2 1 14 23 263 AND
2 1 14 24 264 AND
2 1 14 25 265 AND
2 1 14 26 266 AND
2 1 14 27 267 AND
2 1 14 28 268 AND
2 1 14 29 269 AND
2 1 14 30 270 AND
2 1 14 31 271 AND
2 1 15 16 272 AND
2 1 15 17 273 AND
2 1 15 18 274 AND
2 1 15 19 275 AND
2 1 15 20 276 AND
2 1 15 21 277 AND
2 1 15 22 278 AND
2 1 15 23 279 AND
2 1 15 24 280 AND
2 1 15 25 281 AND
2 1 15 26 282 AND
2 1 15 27 283 AND
2 1 15 28 284 AND
2 1 15 29 285 AND
2 1 15 30 286 AND
2 1 15 31 287 AND
2 1 271 286 288 XOR
2 1 271 286 289 AND
2 1 270 285 290 XOR
2 1 290 255 291 XOR
2 1 270 285 292 AND
2 1 255 290 293 AND
2 1 292 293 294 XOR
2 1 254 269 295 XOR
2 1 295 239 296 XOR
2 1 254 269 297 AND
2 1 239 295 298 AND
2 1 297 298 299 XOR
2 1 238 253 300 XOR
2 1 300 223 301 XOR
2 1 238 253 302 AND
2 1 223 300 303 AND
2 1 302 303 304 XOR
2 1 268 283 305 XOR
2 1 268 283 306 AND
2 1 222 237 307 XOR
2 1 307 207 308 XOR
2 1 222 237 309 AND
2 1 207 307 310 AND
2 1 309 310 311 XOR
2 1 267 282 312 XOR
2 1 312 252 313 XOR
2 1 267 282 314 AND
2 1 252 312 315 AND
2 1 314 315 316 XOR
2 1 206 221 317 XOR
2 1 317 191 318 XOR
2 1 206 221 319 AND
2 1 191 317 320 AND
2 1 319 320 321 XOR
2 1 251 266 322 XOR
2 1 322 236 323 XOR
2 1 251 266 324 AND
2 1 236 322 325 AND
2 1 324 325 326 XOR
2 1 190 205 327 XOR
2 1 327 175 328 XOR
2 1 190 205 329 AND
2 1 175 327 330 AND
2 1 329 330 331 XOR
2 1 235 250 332 XOR
2 1 332 220 333 XOR
2 1 235 250 334 AND
2 1 220 332 335 AND
2 1 334 335 336 XOR
2 1 265 280 337 XOR
2 1 265 280 338 AND
2 1 174 189 339 XOR
2 1 339 159 340 XOR
2 1 174 189 341 AND
2 1 159 339 342 AND
2 1 341 342 343 XOR
2 1 219 234 344 XOR
2 1 344 204 345 XOR
2 1 219 234 346 AND
2 1 204 344 347 AND
2 1 346 347 348 XOR
2 1 264 279 349 XOR
2 1 349 249 350 XOR
2 1 264 279 351 AND
2 1 249 349 352 AND
2 1 351 352 353 XOR
2 1 158 173 354 XOR
2 1 354 143 355 XOR
2 1 158 173 356 AND
2 1 143 354 357 AND
2 1 356 357 358 XOR
2 1 203 218 359 XOR
2 1 359 188 360 XOR
2 1 203 218 361 AND
2 1 188 359 362 AND
2 1 361 362 363 XOR
2 1 248 263 364 XOR
2 1 364 233 365 XOR
2 1 248 263 366 AND
2 1 233 364 367 AND
2 1 366 367 368 XOR
2 1 142 157 369 XOR
2 1 369 127 370 XOR
2 1 142 157 371 AND
2 1 127 369 372 AND
2 1 371 372 373 XOR
2 1 187 202 374 XOR
2 1 374 172 375 XOR
2 1 187 202 376 AND
2 1 172 374 377 AND
2 1 376 377 378 XOR
2 1 232 247 379 XOR
2 1 379 217 380 XOR
2 1 232 247 381 AND
2 1 217 379 382 AND
2 1 381 382 383 XOR
2 1 262 277 384 XOR
2 1 262 277 385 AND
2 1 126 141 386 XOR
2 1 386 111 387 XOR
2 1 126 141 388 AND
2 1 111 386 389 AND
2 1 388 389 390 XOR
2 1 171 186 391 XOR
2 1 391 156 392 XOR
2 1 171 186 393 AND
2 1 156 391 394 AND
2 1 393 394 395 XOR
2 1 216 231 396 XOR
2 1 396 201 397 XOR
2 1 216 231 398 AND
2 1 201 396 399 AND
2 1 398 399 400 XOR
2 1 261 276 401 XOR
2 1 401 246 402 XOR
2 1 261 276 403 AND
2 1 246 401 404 AND
2 1 403 404 405 XOR
2 1 110 125 406 XOR
2 1 406 95 407 XOR
2 1 110 125 408 AND
2 1 95 406 409 AND
2 1 408 409 410 XOR
2 1 155 170 411 XOR
2 1 411 140 412 XOR
2 1 155 170 413 AND
2 1 140 411 414 AND
2 1 413 414 415 XOR
2 1 200 215 416 XOR
2 1 416 185 417 XOR
2 1 200 215 418 AND
2 1 185 416 419 AND
2 1 418 419 420 XOR
2 1 245 260 421 XOR
2 1 421 230 422 XOR
2 1 245 260 423 AND
2 1 230 421 424 AND
2 1 423 424 425 XOR
2 1 94 109 426 XOR
2 1 426 79 427 XOR
2 1 94 109 428 AND
2 1 79 426 429 AND
2 1 428 429 430 XOR
2 1 139 154 431 XOR
2 1 431 124 432 XOR
2 1 139 154 433 AND
2 1 124 431 434 AND
2 1 433 434 435 XOR
2 1 184 199 436 XOR
2 1 436 169 437 XOR
2 1 184 199 438 AND
2 1 169 436 439 AND
2 1 438 439 440 XOR
2 1 229 244 441 XOR
2 1 441 214 442 XOR
2 1 229 244 443 AND
2 1 214 441 444 AND
2 1 443 444 445 XOR
2 1 259 274 446 XOR
2 1 259 274 447 AND
2 1 78 93 448 XOR
2 1 448 63 449 XOR
2 1 78 93 450 AND
2 1 63 448 451 AND
2 1 450 451 452 XOR
2 1 123 138 453 XOR
2 1 453 108 454 XOR
2 1 123 138 455 AND
2 1 108 453 456 AND
2 1 455 456 457 XOR
2 1 168 183 458 XOR
2 1 458 153 459 XOR
2 1 168 183 460 AND
2 1 153 458 461 AND
2 1 460 461 462 XOR
2 1 213 228 463 XOR
2 1 463 198 464 XOR
2 1 213 228 465 AND
2 1 198 463 466 AND
2 1 465 466 467 XOR
2 1 258 273 468 XOR
2 1 468 243 469 XOR
2 1 258 273 470 AND
2 1 243 468 471 AND
2 1 470 471 472 XOR
2 1 62 77 473 XOR
2 1 473 47 474 XOR
2 1 62 77 475 AND
2 1 47 473 476 AND
2 1 475 476 477 XOR
2 1 107 122 478 XOR
2 1 478 92 479 XOR
2 1 107 122 480 AND
2 1 92 478 481 AND
2 1 480 481 482 XOR
2 1 152 167 483 XOR
2 1 483 137 484 XOR
2 1 152 167 485 AND
2 1 137 483 486 AND
2 1 485 486 487 XOR
2 1 197 212 488 XOR
2 1 488 182 489 XOR
2 1 197 212 490 AND
2 1 182 488 491 AND
2 1 490 491 492 XOR
2 1 242 257 493 XOR
2 1 493 227 494 XOR
2 1 242 257 495 AND
2 1 227 493 496 AND
2 1 495 496 497 XOR
2 1 61 76 498 XOR
2 1 498 46 499 XOR
2 1 61 76 500 AND
2 1 46 498 501 AND
2 1 500 501 502 XOR
2 1 106 121 503 XOR
2 1 503 91 504 XOR
2 1 106 121 505 AND
2 1 91 503 506 AND
2 1 505 506 507 XOR
2 1 151 166 508 XOR
2 1 508 136 509 XOR
2 1 151 166 510 AND
2 1 136 508 511 AND
2 1 510 511 512 XOR
2 1 196 211 513 XOR
2 1 513 181 514 XOR
2 1 196 211 515 AND
2 1 181 513 516 AND
2 1 515 516 517 XOR
2 1 241 256 518 XOR
2 1 518 226 519 XOR
2 1 241 256 520 AND
2 1 226 518 521 AND
2 1 520 521 522 XOR
2 1 60 75 523 XOR
2 1 523 45 524 XOR
2 1 60 75 525 AND
2 1 45 523 526 AND
2 1 525 526 527 XOR
2 1 105 120 528 XOR
2 1 528 90 529 XOR
2 1 105 120 530 AND
2 1 90 528 531 AND
2 1 530 531 532 XOR
2 1 150 165 533 XOR
2 1 533 135 534 XOR
2 1 150 165 535 AND
2 1 135 533 536 AND
2 1 535 536 537 XOR
2 1 195 210 538 XOR
2 1 538 180 539 XOR
2 1 195 210 540 AND
2 1 180 538 541 AND
2 1 540 541 542 XOR
2 1 225 240 543 XOR
2 1 225 240 544 AND
2 1 59 74 545 XOR
2 1 545 44 546 XOR
2 1 59 74 547 AND
2 1 44 545 548 AND
2 1 547 548 549 XOR
2 1 104 119 550 XOR
2 1 550 89 551 XOR
2 1 104 119 552 AND
2 1 89 550 553 AND
2 1 552 553 554 XOR
2 1 149 164 555 XOR
2 1 555 134 556 XOR
2 1 149 164 557 AND
2 1 134 555 558 AND
2 1 557 558 559 XOR
2 1 194 209 560 XOR
2 1 560 179 561 XOR
2 1 194 209 562 AND
2 1 179 560 563 AND
2 1 562 563 564 XOR
2 1 58 73 565 XOR
2 1 565 43 566 XOR
2 1 58 73 567 AND
2 1 43 565 568 AND
2 1 567 568 569 XOR
2 1 103 118 570 XOR
2 1 570 88 571 XOR
2 1 103 118 572 AND
2 1 88 570 573 AND
2 1 572 573 574 XOR
2 1 148 163 575 XOR
2 1 575 133 576 XOR
2 1 148 163 577 AND
2 1 133 575 578 AND
2 1 577 578 579 XOR
2 1 193 208 580 XOR
2 1 580 178 581 XOR
2 1 193 208 582 AND
2 1 178 580 583 AND
2 1 582 583 584 XOR
2 1 57 72 585 XOR
2 1 585 42 586 XOR
2 1 57 72 587 AND
2 1 42 585 588 AND
2 1 587 588 589 XOR
2 1 102 117 590 XOR
2 1 590 87 591 XOR
2 1 102 117 592 AND
2 1 87 590 593 AND
2 1 592 593 594 XOR
2 1 147 162 595 XOR
2 1 595 132 596 XOR
2 1 147 162 597 AND
2 1 132 595 598 AND
2 1 597 598 599 XOR
2 1 177 192 600 XOR
2 1 177 192 601 AND
2 1 56 71 602 XOR
2 1 602 41 603 XOR
2 1 56 71 604 AND
2 1 41 602 605 AND
2 1 604 605 606 XOR
2 1 101 116 607 XOR
2 1 607 86 608 XOR
2 1 101 116 609 AND
2 1 86 607 610 AND
2 1 609 610 611 XOR
2 1 146 161 612 XOR
2 1 612 131 613 XOR
2 1 146 161 614 AND
2 1 131 612 615 AND
2 1 614 615 616 XOR
2 1 55 70 617 XOR
2 1 617 40 618 XOR
2 1 55 70 619 AND
2 1 40 617 620 AND
2 1 619 620 621 XOR
2 1 100 115 622 XOR
2 1 622 85 623 XOR
2 1 100 115 624 AND
2 1 85 622 625 AND
2 1 624 625 626 XOR
2 1 145 160 627 XOR
2 1 627 130 628 XOR
2 1 145 160 629 AND
2 1 130 627 630 AND
2 1 629 630 631 XOR
2 1 54 69 632 XOR
2 1 632 39 633 XOR
2 1 54 69 634 AND
2 1 39 632 635 AND
2 1 634 635 636 XOR
2 1 99 114 637 XOR
2 1 637 84 638 XOR
2 1 99 114 639 AND
2 1 84 637 640 AND
2 1 639 640 641 XOR
2 1 129 144 642 XOR
2 1 129 144 643 AND
2 1 53 68 644 XOR
2 1 644 38 645 XOR
2 1 53 68 646 AND
2 1 38 644 647 AND
2 1 646 647 648 XOR
2 1 98 113 649 XOR
2 1 649 83 650 XOR
2 1 98 113 651 AND
2 1 83 649 652 AND
2 1 651 652 653 XOR
2 1 52 67 654 XOR
2 1 654 37 655 XOR
2 1 52 67 656 AND
2 1 37 654 657 AND
2 1 656 657 658 XOR
2 1 97 112 659 XOR
2 1 659 82 660 XOR
2 1 97 112 661 AND
2 1 82 659 662 AND
2 1 661 662 663 XOR
2 1 51 66 664 XOR
2 1 664 36 665 XOR
2 1 51 66 666 AND
2 1 36 664 667 AND
2 1 666 667 668 XOR
2 1 81 96 669 XOR
2 1 81 96 670 AND
2 1 50 65 671 XOR
2 1 671 35 672 XOR
2 1 50 65 673 AND
2 1 35 671 674 AND
2 1 673 674 675 XOR
2 1 49 64 676 XOR
2 1 676 34 677 XOR
2 1 49 64 678 AND
2 1 34 676 679 AND
2 1 678 679 680 XOR
2 1 33 48 681 XOR
2 1 33 48 682 AND
2 1 287 289 683 XOR
2 1 287 289 684 AND
2 1 288 294 685 XOR
2 1 288 294 686 AND
2 1 291 299 687 XOR
2 1 291 299 688 AND
2 1 284 304 689 XOR
2 1 689 296 690 XOR
2 1 284 304 691 AND
2 1 296 689 692 AND
2 1 691 692 693 XOR
2 1 305 311 694 XOR
2 1 694 301 695 XOR
2 1 305 311 696 AND
2 1 301 694 697 AND
2 1 696 697 698 XOR
2 1 313 321 699 XOR
2 1 699 308 700 XOR
2 1 313 321 701 AND
2 1 308 699 702 AND
2 1 701 702 703 XOR
2 1 323 281 704 XOR
2 1 704 318 705 XOR
2 1 323 281 706 AND
2 1 318 704 707 AND
2 1 706 707 708 XOR
2 1 336 338 709 XOR
2 1 709 331 710 XOR
2 1 336 338 711 AND
2 1 331 709 712 AND
2 1 711 712 713 XOR
2 1 333 337 714 XOR
2 1 714 328 715 XOR
2 1 333 337 716 AND
2 1 328 714 717 AND
2 1 716 717 718 XOR
2 1 348 353 719 XOR
2 1 719 343 720 XOR
2 1 348 353 721 AND
2 1 343 719 722 AND
2 1 721 722 723 XOR
2 1 345 350 724 XOR
2 1 724 340 725 XOR
2 1 345 350 726 AND
2 1 340 724 727 AND
2 1 726 727 728 XOR
2 1 363 368 729 XOR
2 1 729 358 730 XOR
2 1 363 368 731 AND
2 1 358 729 732 AND
2 1 731 732 733 XOR
2 1 360 365 734 XOR
2 1 734 355 735 XOR
2 1 360 365 736 AND
2 1 355 734 737 AND
2 1 736 737 738 XOR
2 1 373 378 739 XOR
2 1 739 278 740 XOR
2 1 373 378 741 AND
2 1 278 739 742 AND
2 1 741 742 743 XOR
2 1 383 385 744 XOR
2 1 383 385 745 AND
2 1 375 380 746 XOR
2 1 746 370 747 XOR
2 1 375 380 748 AND
2 1 370 746 749 AND
2 1 748 749 750 XOR
2 1 390 395 751 XOR
2 1 751 384 752 XOR
2 1 390 395 753 AND
2 1 384 751 754 AND
2 1 753 754 755 XOR
2 1 400 405 756 XOR
2 1 400 405 757 AND
2 1 392 397 758 XOR
2 1 758 387 759 XOR
2 1 392 397 760 AND
2 1 387 758 761 AND
2 1 760 761 762 XOR
2 1 410 415 763 XOR
2 1 763 402 764 XOR
2 1 410 415 765 AND
2 1 402 763 766 AND
2 1 765 766 767 XOR
2 1 420 425 768 XOR
2 1 420 425 769 AND
2 1 412 417 770 XOR
2 1 770 407 771 XOR
2 1 412 417 772 AND
2 1 407 770 773 AND
2 1 772 773 774 XOR
2 1 275 430 775 XOR
2 1 775 422 776 XOR
2 1 275 430 777 AND
2 1 422 775 778 AND
2 1 777 778 779 XOR
2 1 440 445 780 XOR
2 1 780 435 781 XOR
2 1 440 445 782 AND
2 1 435 780 783 AND
2 1 782 783 784 XOR
2 1 432 437 785 XOR
2 1 785 427 786 XOR
2 1 432 437 787 AND
2 1 427 785 788 AND
2 1 787 788 789 XOR
2 1 446 452 790 XOR
2 1 790 442 791 XOR
2 1 446 452 792 AND
2 1 442 790 793 AND
2 1 792 793 794 XOR
2 1 462 467 795 XOR
2 1 795 457 796 XOR
2 1 462 467 797 AND
2 1 457 795 798 AND
2 1 797 798 799 XOR
2 1 454 459 800 XOR
2 1 800 449 801 XOR
2 1 454 459 802 AND
2 1 449 800 803 AND
2 1 802 803 804 XOR
2 1 469 477 805 XOR
2 1 805 464 806 XOR
2 1 469 477 807 AND
2 1 464 805 808 AND
2 1 807 808 809 XOR
2 1 487 492 810 XOR
2 1 810 482 811 XOR
2 1 487 492 812 AND
2 1 482 810 813 AND
2 1 812 813 814 XOR
2 1 479 484 815 XOR
2 1 815 474 816 XOR
2 1 479 484 817 AND
2 1 474 815 818 AND
2 1 817 818 819 XOR
2 1 494 272 820 XOR
2 1 820 489 821 XOR
2 1 494 272 822 AND
2 1 489 820 823 AND
2 1 822 823 824 XOR
2 1 507 512 825 XOR
2 1 825 502 826 XOR
2 1 507 512 827 AND
2 1 502 825 828 AND
2 1 827 828 829 XOR
2 1 517 522 830 XOR
2 1 517 522 831 AND
2 1 504 509 832 XOR
2 1 832 499 833 XOR
2 1 504 509 834 AND
2 1 499 832 835 AND
2 1 834 835 836 XOR
2 1 519 527 837 XOR
2 1 837 514 838 XOR
2 1 519 527 839 AND
2 1 514 837 840 AND
2 1 839 840 841 XOR
2 1 537 542 842 XOR
2 1 842 532 843 XOR
2 1 537 542 844 AND
2 1 532 842 845 AND
2 1 844 845 846 XOR
2 1 529 534 847 XOR
2 1 847 524 848 XOR
2 1 529 534 849 AND
2 1 524 847 850 AND
2 1 849 850 851 XOR
2 1 543 549 852 XOR
2 1 852 539 853 XOR
2 1 543 549 854 AND
2 1 539 852 855 AND
2 1 854 855 856 XOR
2 1 559 564 857 XOR
2 1 857 554 858 XOR
2 1 559 564 859 AND
2 1 554 857 860 AND
2 1 859 860 861 XOR
2 1 551 556 862 XOR
2 1 862 546 863 XOR
2 1 551 556 864 AND
2 1 546 862 865 AND
2 1 864 865 866 XOR
2 1 224 569 867 XOR
2 1 867 561 868 XOR
2 1 224 569 869 AND
2 1 561 867 870 AND
2 1 869 870 871 XOR
2 1 579 584 872 XOR
2 1 872 574 873 XOR
2 1 579 584 874 AND
2 1 574 872 875 AND
2 1 874 875 876 XOR
2 1 571 576 877 XOR
2 1 877 566 878 XOR
2 1 571 576 879 AND
2 1 566 877 880 AND
2 1 879 880 881 XOR
2 1 589 594 882 XOR
2 1 882 581 883 XOR
2 1 589 594 884 AND
2 1 581 882 885 AND
2 1 884 885 886 XOR
2 1 599 601 887 XOR
2 1 599 601 888 AND
2 1 591 596 889 XOR
2 1 889 586 890 XOR
2 1 591 596 891 AND
2 1 586 889 892 AND
2 1 891 892 893 XOR
2 1 606 611 894 XOR
2 1 894 600 895 XOR
2 1 606 611 896 AND
2 1 600 894 897 AND
2 1 896 897 898 XOR
2 1 608 613 899 XOR
2 1 899 603 900 XOR
2 1 608 613 901 AND
2 1 603 899 902 AND
2 1 901 902 903 XOR
2 1 621 626 904 XOR
2 1 904 176 905 XOR
2 1 621 626 906 AND
2 1 176 904 907 AND
2 1 906 907 908 XOR
2 1 623 628 909 XOR
2 1 909 618 910 XOR
2 1 623 628 911 AND
2 1 618 909 912 AND
2 1 911 912 913 XOR
2 1 641 643 914 XOR
2 1 914 636 915 XOR
2 1 641 643 916 AND
2 1 636 914 917 AND
2 1 916 917 918 XOR
2 1 638 642 919 XOR
2 1 919 633 920 XOR
2 1 638 642 921 AND
2 1 633 919 922 AND
2 1 921 922 923 XOR
2 1 648 653 924 XOR
2 1 648 653 925 AND
2 1 650 128 926 XOR
2 1 926 645 927 XOR
2 1 650 128 928 AND
2 1 645 926 929 AND
2 1 928 929 930 XOR
2 1 658 663 931 XOR
2 1 658 663 932 AND
2 1 660 668 933 XOR
2 1 933 655 934 XOR
2 1 660 668 935 AND
2 1 655 933 936 AND
2 1 935 936 937 XOR
2 1 669 675 938 XOR
2 1 938 665 939 XOR
2 1 669 675 940 AND
2 1 665 938 941 AND
2 1 940 941 942 XOR
2 1 80 680 943 XOR
2 1 943 672 944 XOR
2 1 80 680 945 AND
2 1 672 943 946 AND
2 1 945 946 947 XOR
2 1 677 682 948 XOR
2 1 677 682 949 AND
2 1 683 686 950 XOR
2 1 683 686 951 AND
2 1 685 688 952 XOR
2 1 685 688 953 AND
2 1 687 693 954 XOR
2 1 687 693 955 AND
2 1 306 698 956 XOR
2 1 956 690 957 XOR
2 1 306 698 958 AND
2 1 690 956 959 AND
2 1 958 959 960 XOR
2 1 316 703 961 XOR
2 1 961 695 962 XOR
2 1 316 703 963 AND
2 1 695 961 964 AND
2 1 963 964 965 XOR
2 1 326 708 966 XOR
2 1 966 700 967 XOR
2 1 326 708 968 AND
2 1 700 966 969 AND
2 1 968 969 970 XOR
2 1 710 718 971 XOR
2 1 971 705 972 XOR
2 1 710 718 973 AND
2 1 705 971 974 AND
2 1 973 974 975 XOR
2 1 720 728 976 XOR
2 1 976 715 977 XOR
2 1 720 728 978 AND
2 1 715 976 979 AND
2 1 978 979 980 XOR
2 1 730 738 981 XOR
2 1 981 725 982 XOR
2 1 730 738 983 AND
2 1 725 981 984 AND
2 1 983 984 985 XOR
2 1 743 745 986 XOR
2 1 743 745 987 AND
2 1 740 744 988 XOR
2 1 988 735 989 XOR
2 1 740 744 990 AND
2 1 735 988 991 AND
2 1 990 991 992 XOR
2 1 755 757 993 XOR
2 1 993 750 994 XOR
2 1 755 757 995 AND
2 1 750 993 996 AND
2 1 995 996 997 XOR
2 1 752 756 998 XOR
2 1 998 747 999 XOR
2 1 752 756 1000 AND
2 1 747 998 1001 AND
2 1 1000 1001 1002 XOR
2 1 767 769 1003 XOR
2 1 1003 762 1004 XOR
2 1 767 769 1005 AND
2 1 762 1003 1006 AND
2 1 1005 1006 1007 XOR
2 1 764 768 1008 XOR
2 1 1008 759 1009 XOR
2 1 764 768 1010 AND
2 1 759 1008 1011 AND
2 1 1010 1011 1012 XOR
2 1 779 784 1013 XOR
2 1 1013 774 1014 XOR
2 1 779 784 1015 AND
2 1 774 1013 1016 AND
2 1 1015 1016 1017 XOR
2 1 776 781 1018 XOR
2 1 1018 771 1019 XOR
2 1 776 781 1020 AND
2 1 771 1018 1021 AND
2 1 1020 1021 1022 XOR
2 1 789 794 1023 XOR
2 1 1023 447 1024 XOR
2 1 789 794 1025 AND
2 1 447 1023 1026 AND
2 1 1025 1026 1027 XOR
2 1 791 796 1028 XOR
2 1 1028 786 1029 XOR
2 1 791 796 1030 AND
2 1 786 1028 1031 AND
2 1 1030 1031 1032 XOR
2 1 804 809 1033 XOR
2 1 1033 472 1034 XOR
2 1 804 809 1035 AND
2 1 472 1033 1036 AND
2 1 1035 1036 1037 XOR
2 1 806 811 1038 XOR
2 1 1038 801 1039 XOR
2 1 806 811 1040 AND
2 1 801 1038 1041 AND
2 1 1040 1041 1042 XOR
2 1 819 824 1043 XOR
2 1 1043 497 1044 XOR
2 1 819 824 1045 AND
2 1 497 1043 1046 AND
2 1 1045 1046 1047 XOR
2 1 829 831 1048 XOR
2 1 829 831 1049 AND
2 1 821 826 1050 XOR
2 1 1050 816 1051 XOR
2 1 821 826 1052 AND
2 1 816 1050 1053 AND
2 1 1052 1053 1054 XOR
2 1 836 841 1055 XOR
2 1 1055 830 1056 XOR
2 1 836 841 1057 AND
2 1 830 1055 1058 AND
2 1 1057 1058 1059 XOR
2 1 838 843 1060 XOR
2 1 1060 833 1061 XOR
2 1 838 843 1062 AND
2 1 833 1060 1063 AND
2 1 1062 1063 1064 XOR
2 1 851 856 1065 XOR
2 1 1065 544 1066 XOR
2 1 851 856 1067 AND
2 1 544 1065 1068 AND
2 1 1067 1068 1069 XOR
2 1 853 858 1070 XOR
2 1 1070 848 1071 XOR
2 1 853 858 1072 AND
2 1 848 1070 1073 AND
2 1 1072 1073 1074 XOR
2 1 871 876 1075 XOR
2 1 1075 866 1076 XOR
2 1 871 876 1077 AND
2 1 866 1075 1078 AND
2 1 1077 1078 1079 XOR
2 1 868 873 1080 XOR
2 1 1080 863 1081 XOR
2 1 868 873 1082 AND
2 1 863 1080 1083 AND
2 1 1082 1083 1084 XOR
2 1 886 888 1085 XOR
2 1 1085 881 1086 XOR
2 1 886 888 1087 AND
2 1 881 1085 1088 AND
2 1 1087 1088 1089 XOR
2 1 883 887 1090 XOR
2 1 1090 878 1091 XOR
2 1 883 887 1092 AND
2 1 878 1090 1093 AND
2 1 1092 1093 1094 XOR
2 1 893 898 1095 XOR
2 1 893 898 1096 AND
2 1 895 616 1097 XOR
2 1 1097 890 1098 XOR
2 1 895 616 1099 AND
2 1 890 1097 1100 AND
2 1 1099 1100 1101 XOR
2 1 903 908 1102 XOR
2 1 903 908 1103 AND
2 1 905 631 1104 XOR
2 1 1104 900 1105 XOR
2 1 905 631 1106 AND
2 1 900 1104 1107 AND
2 1 1106 1107 1108 XOR
2 1 913 918 1109 XOR
2 1 913 918 1110 AND
2 1 915 923 1111 XOR
2 1 1111 910 1112 XOR
2 1 915 923 1113 AND
2 1 910 1111 1114 AND
2 1 1113 1114 1115 XOR
2 1 924 930 1116 XOR
2 1 1116 920 1117 XOR
2 1 924 930 1118 AND
2 1 920 1116 1119 AND
2 1 1118 1119 1120 XOR
2 1 931 937 1121 XOR
2 1 1121 927 1122 XOR
2 1 931 937 1123 AND
2 1 927 1121 1124 AND
2 1 1123 1124 1125 XOR
2 1 670 942 1126 XOR
2 1 1126 934 1127 XOR
2 1 670 942 1128 AND
2 1 934 1126 1129 AND
2 1 1128 1129 1130 XOR
2 1 939 947 1131 XOR
2 1 939 947 1132 AND
2 1 944 949 1133 XOR
2 1 944 949 1134 AND
2 1 950 953 1135 XOR
2 1 950 953 1136 AND
2 1 952 955 1137 XOR
2 1 952 955 1138 AND
2 1 954 960 1139 XOR
2 1 954 960 1140 AND
2 1 957 965 1141 XOR
2 1 957 965 1142 AND
2 1 962 970 1143 XOR
2 1 962 970 1144 AND
2 1 713 975 1145 XOR
2 1 1145 967 1146 XOR
2 1 713 975 1147 AND
2 1 967 1145 1148 AND
2 1 1147 1148 1149 XOR
2 1 723 980 1150 XOR
2 1 1150 972 1151 XOR
2 1 723 980 1152 AND
2 1 972 1150 1153 AND
2 1 1152 1153 1154 XOR
2 1 733 985 1155 XOR
2 1 1155 977 1156 XOR
2 1 733 985 1157 AND
2 1 977 1155 1158 AND
2 1 1157 1158 1159 XOR
2 1 986 992 1160 XOR
2 1 1160 982 1161 XOR
2 1 986 992 1162 AND
2 1 982 1160 1163 AND
2 1 1162 1163 1164 XOR
2 1 994 1002 1165 XOR
2 1 1165 989 1166 XOR
2 1 994 1002 1167 AND
2 1 989 1165 1168 AND
2 1 1167 1168 1169 XOR
2 1 1004 1012 1170 XOR
2 1 1170 999 1171 XOR
2 1 1004 1012 1172 AND
2 1 999 1170 1173 AND
2 1 1172 1173 1174 XOR
2 1 1014 1022 1175 XOR
2 1 1175 1009 1176 XOR
2 1 1014 1022 1177 AND
2 1 1009 1175 1178 AND
2 1 1177 1178 1179 XOR
2 1 1024 799 1180 XOR
2 1 1180 1019 1181 XOR
2 1 1024 799 1182 AND
2 1 1019 1180 1183 AND
2 1 1182 1183 1184 XOR
2 1 1032 1037 1185 XOR
2 1 1032 1037 1186 AND
2 1 1034 814 1187 XOR
2 1 1187 1029 1188 XOR
2 1 1034 814 1189 AND
2 1 1029 1187 1190 AND
2 1 1189 1190 1191 XOR
2 1 1047 1049 1192 XOR
2 1 1192 1042 1193 XOR
2 1 1047 1049 1194 AND
2 1 1042 1192 1195 AND
2 1 1194 1195 1196 XOR
2 1 1044 1048 1197 XOR
2 1 1197 1039 1198 XOR
2 1 1044 1048 1199 AND
2 1 1039 1197 1200 AND
2 1 1199 1200 1201 XOR
2 1 1054 1059 1202 XOR
2 1 1054 1059 1203 AND
2 1 1056 846 1204 XOR
2 1 1204 1051 1205 XOR
2 1 1056 846 1206 AND
2 1 1051 1204 1207 AND
2 1 1206 1207 1208 XOR
2 1 1064 1069 1209 XOR
2 1 1064 1069 1210 AND
2 1 1066 861 1211 XOR
2 1 1211 1061 1212 XOR
2 1 1066 861 1213 AND
2 1 1061 1211 1214 AND
2 1 1213 1214 1215 XOR
2 1 1074 1079 1216 XOR
2 1 1074 1079 1217 AND
2 1 1076 1084 1218 XOR
2 1 1218 1071 1219 XOR
2 1 1076 1084 1220 AND
2 1 1071 1218 1221 AND
2 1 1220 1221 1222 XOR
2 1 1086 1094 1223 XOR
2 1 1223 1081 1224 XOR
2 1 1086 1094 1225 AND
2 1 1081 1223 1226 AND
2 1 1225 1226 1227 XOR
2 1 1095 1101 1228 XOR
2 1 1228 1091 1229 XOR
2 1 1095 1101 1230 AND
2 1 1091 1228 1231 AND
2 1 1230 1231 1232 XOR
2 1 1102 1108 1233 XOR
2 1 1233 1098 1234 XOR
2 1 1102 1108 1235 AND
2 1 1098 1233 1236 AND
2 1 1235 1236 1237 XOR
2 1 1109 1115 1238 XOR
2 1 1238 1105 1239 XOR
2 1 1109 1115 1240 AND
2 1 1105 1238 1241 AND
2 1 1240 1241 1242 XOR
2 1 925 1120 1243 XOR
2 1 1243 1112 1244 XOR
2 1 925 1120 1245 AND
2 1 1112 1243 1246 AND
2 1 1245 1246 1247 XOR
2 1 932 1125 1248 XOR
2 1 1248 1117 1249 XOR
2 1 932 1125 1250 AND
2 1 1117 1248 1251 AND
2 1 1250 1251 1252 XOR
2 1 1122 1130 1253 XOR
2 1 1122 1130 1254 AND
2 1 1127 1132 1255 XOR
2 1 1127 1132 1256 AND
2 1 1131 1134 1257 XOR
2 1 1131 1134 1258 AND
2 1 1135 1138 1259 XOR
2 1 1135 1138 1260 AND
2 1 1137 1140 1261 XOR
2 1 1137 1140 1262 AND
2 1 1139 1142 1263 XOR
2 1 1139 1142 1264 AND
2 1 1141 1144 1265 XOR
2 1 1141 1144 1266 AND
2 1 1143 1149 1267 XOR
2 1 1143 1149 1268 AND
2 1 1146 1154 1269 XOR
2 1 1146 1154 1270 AND
2 1 1151 1159 1271 XOR
2 1 1151 1159 1272 AND
2 1 987 1164 1273 XOR
2 1 1273 1156 1274 XOR
2 1 987 1164 1275 AND
2 1 1156 1273 1276 AND
2 1 1275 1276 1277 XOR
2 1 997 1169 1278 XOR
2 1 1278 1161 1279 XOR
2 1 997 1169 1280 AND
2 1 1161 1278 1281 AND
2 1 1280 1281 1282 XOR
2 1 1007 1174 1283 XOR
2 1 1283 1166 1284 XOR
2 1 1007 1174 1285 AND
2 1 1166 1283 1286 AND
2 1 1285 1286 1287 XOR
2 1 1017 1179 1288 XOR
2 1 1288 1171 1289 XOR
2 1 1017 1179 1290 AND
2 1 1171 1288 1291 AND
2 1 1290 1291 1292 XOR
2 1 1027 1184 1293 XOR
2 1 1293 1176 1294 XOR
2 1 1027 1184 1295 AND
2 1 1176 1293 1296 AND
2 1 1295 1296 1297 XOR
2 1 1185 1191 1298 XOR
2 1 1298 1181 1299 XOR
2 1 1185 1191 1300 AND
2 1 1181 1298 1301 AND
2 1 1300 1301 1302 XOR
2 1 1193 1201 1303 XOR
2 1 1303 1188 1304 XOR
2 1 1193 1201 1305 AND
2 1 1188 1303 1306 AND
2 1 1305 1306 1307 XOR
2 1 1202 1208 1308 XOR
2 1 1308 1198 1309 XOR
2 1 1202 1208 1310 AND
2 1 1198 1308 1311 AND
2 1 1310 1311 1312 XOR
2 1 1209 1215 1313 XOR
2 1 1313 1205 1314 XOR
2 1 1209 1215 1315 AND
2 1 1205 1313 1316 AND
2 1 1315 1316 1317 XOR
2 1 1216 1222 1318 XOR
2 1 1318 1212 1319 XOR
2 1 1216 1222 1320 AND
2 1 1212 1318 1321 AND
2 1 1320 1321 1322 XOR
2 1 1089 1227 1323 XOR
2 1 1323 1219 1324 XOR
2 1 1089 1227 1325 AND
2 1 1219 1323 1326 AND
2 1 1325 1326 1327 XOR
2 1 1096 1232 1328 XOR
2 1 1328 1224 1329 XOR
2 1 1096 1232 1330 AND
2 1 1224 1328 1331 AND
2 1 1330 1331 1332 XOR
2 1 1103 1237 1333 XOR
2 1 1333 1229 1334 XOR
2 1 1103 1237 1335 AND
2 1 1229 1333 1336 AND
2 1 1335 1336 1337 XOR
2 1 1110 1242 1338 XOR
2 1 1338 1234 1339 XOR
2 1 1110 1242 1340 AND
2 1 1234 1338 1341 AND
2 1 1340 1341 1342 XOR
2 1 1239 1247 1343 XOR
2 1 1239 1247 1344 AND
2 1 1244 1252 1345 XOR
2 1 1244 1252 1346 AND
2 1 1249 1254 1347 XOR
2 1 1249 1254 1348 AND
2 1 1253 1256 1349 XOR
2 1 1253 1256 1350 AND
2 1 1255 1258 1351 XOR
2 1 1255 1258 1352 AND
2 1 1259 1262 1353 XOR
2 1 1259 1262 1354 AND
2 1 1261 1264 1355 XOR
2 1 1261 1264 1356 AND
2 1 1263 1266 1357 XOR
2 1 1263 1266 1358 AND
2 1 1265 1268 1359 XOR
2 1 1265 1268 1360 AND
2 1 1267 1270 1361 XOR
2 1 1267 1270 1362 AND
2 1 1269 1272 1363 XOR
2 1 1269 1272 1364 AND
2 1 1271 1277 1365 XOR
2 1 1271 1277 1366 AND
2 1 1274 1282 1367 XOR
2 1 1274 1282 1368 AND
2 1 1279 1287 1369 XOR
2 1 1279 1287 1370 AND
2 1 1284 1292 1371 XOR
2 1 1284 1292 1372 AND
2 1 1289 1297 1373 XOR
2 1 1289 1297 1374 AND
2 1 1186 1302 1375 XOR
2 1 1375 1294 1376 XOR
2 1 1186 1302 1377 AND
2 1 1294 1375 1378 AND
2 1 1377 1378 1379 XOR
2 1 1196 1307 1380 XOR
2 1 1380 1299 1381 XOR
2 1 1196 1307 1382 AND
2 1 1299 1380 1383 AND
2 1 1382 1383 1384 XOR
2 1 1203 1312 1385 XOR
2 1 1385 1304 1386 XOR
2 1 1203 1312 1387 AND
2 1 1304 1385 1388 AND
2 1 1387 1388 1389 XOR
2 1 1210 1317 1390 XOR
2 1 1390 1309 1391 XOR
2 1 1210 1317 1392 AND
2 1 1309 1390 1393 AND
2 1 1392 1393 1394 XOR
2 1 1217 1322 1395 XOR
2 1 1395 1314 1396 XOR
2 1 1217 1322 1397 AND
2 1 1314 1395 1398 AND
2 1 1397 1398 1399 XOR
2 1 1319 1327 1400 XOR
2 1 1319 1327 1401 AND
2 1 1324 1332 1402 XOR
2 1 1324 1332 1403 AND
2 1 1329 1337 1404 XOR
2 1 1329 1337 1405 AND
2 1 1334 1342 1406 XOR
2 1 1334 1342 1407 AND
2 1 1339 1344 1408 XOR
2 1 1339 1344 1409 AND
2 1 1343 1346 1410 XOR
2 1 1343 1346 1411 AND
2 1 1345 1348 1412 XOR
2 1 1345 1348 1413 AND
2 1 1347 1350 1414 XOR
2 1 1347 1350 1415 AND
2 1 1349 1352 1416 XOR
2 1 1349 1352 1417 AND
2 1 1414 1417 1418 AND
2 1 1412 1415 1419 AND
2 1 1410 1413 1420 AND
2 1 1408 1411 1421 AND
2 1 1406 1409 1422 AND
2 1 1404 1407 1423 AND
2 1 1402 1405 1424 AND
2 1 1400 1403 1425 AND
2 1 1396 1401 1426 AND
2 1 1391 1399 1427 AND
2 1 1386 1394 1428 AND
2 1 1381 1389 1429 AND
2 1 1376 1384 1430 AND
2 1 1373 1379 1431 AND
2 1 1371 1374 1432 AND
2 1 1369 1372 1433 AND
2 1 1367 1370 1434 AND
2 1 1365 1368 1435 AND
2 1 1363 1366 1436 AND
2 1 1361 1364 1437 AND
2 1 1359 1362 1438 AND
2 1 1357 1360 1439 AND
2 1 1355 1358 1440 AND
2 1 1353 1356 1441 AND
2 1 1414 1417 1442 XOR
2 1 1412 1415 1443 XOR
2 1 1410 1413 1444 XOR
2 1 1408 1411 1445 XOR
2 1 1406 1409 1446 XOR
2 1 1404 1407 1447 XOR
2 1 1402 1405 1448 XOR
2 1 1400 1403 1449 XOR
2 1 1396 1401 1450 XOR
2 1 1391 1399 1451 XOR
2 1 1386 1394 1452 XOR
2 1 1381 1389 1453 XOR
2 1 1376 1384 1454 XOR
2 1 1373 1379 1455 XOR
2 1 1371 1374 1456 XOR
2 1 1369 1372 1457 XOR
2 1 1367 1370 1458 XOR
2 1 1365 1368 1459 XOR
2 1 1363 1366 1460 XOR
2 1 1361 1364 1461 XOR
2 1 1359 1362 1462 XOR
2 1 1357 1360 1463 XOR
2 1 1355 1358 1464 XOR
2 1 1353 1356 1465 XOR
2 1 1464 1439 1466 AND
2 1 1440 1466 1467 XOR
2 1 1464 1463 1468 AND
2 1 1462 1437 1469 AND
2 1 1438 1469 1470 XOR
2 1 1462 1461 1471 AND
2 1 1460 1435 1472 AND
2 1 1436 1472 1473 XOR
2 1 1460 1459 1474 AND
2 1 1458 1433 1475 AND
2 1 1434 1475 1476 XOR
2 1 1458 1457 1477 AND
2 1 1456 1431 1478 AND
2 1 1432 1478 1479 XOR
2 1 1456 1455 1480 AND
2 1 1454 1429 1481 AND
2 1 1430 1481 1482 XOR
2 1 1454 1453 1483 AND
2 1 1452 1427 1484 AND
2 1 1428 1484 1485 XOR
2 1 1452 1451 1486 AND
2 1 1450 1425 1487 AND
2 1 1426 1487 1488 XOR
2 1 1450 1449 1489 AND
2 1 1448 1423 1490 AND
2 1 1424 1490 1491 XOR
2 1 1448 1447 1492 AND
2 1 1446 1421 1493 AND
2 1 1422 1493 1494 XOR
2 1 1446 1445 1495 AND
2 1 1444 1419 1496 AND
2 1 1420 1496 1497 XOR
2 1 1444 1443 1498 AND
2 1 1442 1417 1499 AND
2 1 1418 1499 1500 XOR
2 1 1468 1470 1501 AND
2 1 1467 1501 1502 XOR
2 1 1468 1471 1503 AND
2 1 1463 1470 1504 AND
2 1 1439 1504 1505 XOR
2 1 1463 1471 1506 AND
2 1 1474 1476 1507 AND
2 1 1473 1507 1508 XOR
2 1 1474 1477 1509 AND
2 1 1459 1476 1510 AND
2 1 1435 1510 1511 XOR
2 1 1459 1477 1512 AND
2 1 1480 1482 1513 AND
2 1 1479 1513 1514 XOR
2 1 1480 1483 1515 AND
2 1 1455 1482 1516 AND
2 1 1431 1516 1517 XOR
2 1 1455 1483 1518 AND
2 1 1486 1488 1519 AND
2 1 1485 1519 1520 XOR
2 1 1486 1489 1521 AND
2 1 1451 1488 1522 AND
2 1 1427 1522 1523 XOR
2 1 1451 1489 1524 AND
2 1 1492 1494 1525 AND
2 1 1491 1525 1526 XOR
2 1 1492 1495 1527 AND
2 1 1447 1494 1528 AND
2 1 1423 1528 1529 XOR
2 1 1447 1495 1530 AND
2 1 1498 1500 1531 AND
2 1 1497 1531 1532 XOR
2 1 1443 1500 1533 AND
2 1 1419 1533 1534 XOR
2 1 1503 1508 1535 AND
2 1 1502 1535 1536 XOR
2 1 1503 1509 1537 AND
2 1 1506 1508 1538 AND
2 1 1505 1538 1539 XOR
2 1 1506 1509 1540 AND
2 1 1471 1508 1541 AND
2 1 1470 1541 1542 XOR
2 1 1471 1509 1543 AND
2 1 1461 1508 1544 AND
2 1 1437 1544 1545 XOR
2 1 1461 1509 1546 AND
2 1 1515 1520 1547 AND
2 1 1514 1547 1548 XOR
2 1 1515 1521 1549 AND
2 1 1518 1520 1550 AND
2 1 1517 1550 1551 XOR
2 1 1518 1521 1552 AND
2 1 1483 1520 1553 AND
2 1 1482 1553 1554 XOR
2 1 1483 1521 1555 AND
2 1 1453 1520 1556 AND
2 1 1429 1556 1557 XOR
2 1 1453 1521 1558 AND
2 1 1527 1532 1559 AND
2 1 1526 1559 1560 XOR
2 1 1530 1532 1561 AND
2 1 1529 1561 1562 XOR
2 1 1495 1532 1563 AND
2 1 1494 1563 1564 XOR
2 1 1445 1532 1565 AND
2 1 1421 1565 1566 XOR
2 1 1549 1560 1567 AND
2 1 1548 1567 1568 XOR
2 1 1552 1560 1569 AND
2 1 1551 1569 1570 XOR
2 1 1555 1560 1571 AND
2 1 1554 1571 1572 XOR
2 1 1558 1560 1573 AND
2 1 1557 1573 1574 XOR
2 1 1521 1560 1575 AND
2 1 1520 1575 1576 XOR
2 1 1524 1560 1577 AND
2 1 1523 1577 1578 XOR
2 1 1489 1560 1579 AND
2 1 1488 1579 1580 XOR
2 1 1449 1560 1581 AND
2 1 1425 1581 1582 XOR
2 1 1537 1568 1583 AND
2 1 1536 1583 1584 XOR
2 1 1540 1568 1585 AND
2 1 1539 1585 1586 XOR
2 1 1543 1568 1587 AND
2 1 1542 1587 1588 XOR
2 1 1546 1568 1589 AND
2 1 1545 1589 1590 XOR
2 1 1509 1568 1591 AND
2 1 1508 1591 1592 XOR
2 1 1512 1568 1593 AND
2 1 1511 1593 1594 XOR
2 1 1477 1568 1595 AND
2 1 1476 1595 1596 XOR
2 1 1457 1568 1597 AND
2 1 1433 1597 1598 XOR
1 1 32 1599 EQW
1 1 681 1600 EQW
1 1 948 1601 EQW
1 1 1133 1602 EQW
1 1 1257 1603 EQW
1 1 1351 1604 EQW
1 1 1416 1605 EQW
1 1 1441 1606 EQW
2 1 1442 1417 1607 XOR
2 1 1443 1500 1608 XOR
2 1 1444 1534 1609 XOR
2 1 1445 1532 1610 XOR
2 1 1446 1566 1611 XOR
2 1 1447 1564 1612 XOR
2 1 1448 1562 1613 XOR
2 1 1449 1560 1614 XOR
2 1 1450 1582 1615 XOR
2 1 1451 1580 1616 XOR
2 1 1452 1578 1617 XOR
2 1 1453 1576 1618 XOR
2 1 1454 1574 1619 XOR
2 1 1455 1572 1620 XOR
2 1 1456 1570 1621 XOR
2 1 1457 1568 1622 XOR
2 1 1458 1598 1623 XOR
2 1 1459 1596 1624 XOR
2 1 1460 1594 1625 XOR
2 1 1461 1592 1626 XOR
2 1 1462 1590 1627 XOR
2 1 1463 1588 1628 XOR
2 1 1464 1586 1629 XOR
2 1 1354 1584 1630 XOR
